13 12 10 13 1 13 10 1 13 1 10 12 1 12 10 12 1 10 1 1 	Neg
8 6 1 1 1 8 8 12 1 1 1 1 10 10 	Neg
2 6 6 1 1 2 1 1 1 1 1 11 1 5 1 1 2 1 6 	Neg
1 1 7 1 1 1 2 9 6 4 1 1 	Neg
1 1 1 6 1 1 1 1 1 6 1 1 1 1 1 1 1 1 1 2 1 1 1 1 1 6 1 6 6 2 	Neg
1 6 1 1 1 9 1 1 1 6 1 1 2 1 1 12 1 1 2 6 9 9 1 	Neg
2 1 12 12 10 7 10 1 6 1 1 7 1 1 1 5 1 6 2 6 12 1 12 12 2 12 6 	Neg
10 1 1 1 3 3 1 1 3 3 3 1 2 1 2 1 1 1 1 1 10 	Neg
6 1 1 9 1 9 13 1 1 13 10 5 13 1 5 1 13 10 	Neg
1 1 1 7 1 6 1 1 1 1 1 1 6 1 1 1 6 1 1 1 1 1 1 1 1 	Neg
10 1 8 6 6 1 1 6 8 10 8 10 10 8 8 1 1 1 1 1 8 6 6 1 6 8 6 6 8 	Neg
1 1 1 6 1 1 1 1 6 1 1 1 6 1 1 1 1 1 1 1 1 1 	Neg
1 1 5 7 6 7 6 1 1 1 2 1 1 7 7 1 1 1 5 6 6 1 1 1 7 1 6 1 1 2 7 1 6 1 	Neg
6 1 10 1 1 1 1 1 9 1 1 10 1 1 1 1 10 1 1 1 1 1 1 10 10 1 1 	Neg
8 1 1 1 2 1 6 1 1 1 1 7 1 6 1 6 6 1 	Neg
1 1 1 3 1 1 10 10 1 11 1 2 1 10 11 1 1 11 1 9 11 	Neg
1 1 1 1 1 1 1 1 1 1 1 1 1 1 1 1 1 1 1 1 	Pos
1 1 1 1 1 1 1 1 1 1 1 1 1 1 1 1 1 1 1 1 1 1 1 1 1 1 	Neg
2 1 1 1 1 1 1 1 1 1 1 1 1 1 1 1 1 1 1 1 1 1 2 	Neg
1 1 1 1 1 1 1 1 1 1 1 1 10 1 10 1 1 1 1 1 1 1 1 10 1 10 1 1 	Neg
1 1 1 6 6 8 1 1 1 1 6 6 1 1 1 1 1 1 1 1 1 8 	Neg
1 2 2 1 1 10 11 1 2 10 1 13 1 1 1 10 1 10 10 	Neg
1 1 1 2 2 2 3 1 	Neg
1 1 1 1 1 1 7 1 1 1 1 1 9 1 1 1 1 6 6 1 9 1 1 1 	Neg
1 9 10 9 10 1 9 10 1 1 1 1 1 1 	Neg
1 1 13 10 10 10 13 1 1 1 13 1 1 10 1 1 10 13 10 1 	Neg
1 1 11 1 1 1 2 1 1 2 1 1 1 1 2 2 1 1 1 1 2 2 1 1 	Neg
1 1 7 1 1 1 1 1 1 1 7 1 1 10 1 10 1 6 1 2 2 7 6 10 1 1 10 	Neg
1 1 1 1 1 1 1 1 1 1 1 1 1 1 1 1 1 1 	Pos
2 2 2 2 2 10 1 1 4 4 2 2 4 1 1 4 2 1 	Neg
10 1 1 10 10 10 10 1 1 10 1 10 10 10 1 1 1 10 1 1 	Neg
1 1 1 1 10 1 1 12 10 1 1 12 1 10 1 1 	Neg
1 1 1 1 1 1 1 1 1 1 1 1 1 1 1 1 	Pos
1 1 1 1 1 1 9 1 1 1 2 1 1 5 1 1 1 2 1 	Neg
1 1 10 6 9 6 1 1 1 13 10 1 1 1 9 1 6 1 1 1 	Neg
1 1 6 1 1 1 1 1 1 1 1 10 1 1 1 1 1 1 10 1 1 10 1 	Neg
1 1 1 1 1 1 6 1 1 1 1 1 1 10 1 1 	Neg
4 10 4 3 1 1 1 1 1 3 1 1 1 1 1 2 1 2 1 2 4 	Neg
1 10 1 2 3 1 2 1 1 1 1 3 13 10 1 	Neg
3 4 12 1 4 12 1 10 12 1 1 1 2 1 1 2 2 1 1 1 	Neg
1 10 1 1 1 9 1 10 13 1 1 10 1 	Neg
2 1 6 9 1 1 10 2 6 1 1 13 6 1 6 3 10 10 13 9 1 1 	Neg
1 8 12 1 1 6 1 8 12 7 8 6 1 10 1 1 1 1 1 7 	Neg
1 1 6 11 1 1 1 1 6 1 10 11 1 1 1 11 1 10 1 6 1 1 1 1 	Neg
1 1 1 1 6 1 1 1 1 1 1 6 1 1 1 1 1 	Neg
2 9 9 1 5 1 1 1 1 5 5 10 5 5 1 5 2 5 1 1 1 5 1 1 6 10 2 5 	Neg
2 1 1 1 1 2 1 2 7 1 2 1 6 2 	Neg
1 1 1 10 1 1 1 1 1 10 1 1 1 1 1 1 1 1 1 1 1 1 1 1 1 	Neg
6 7 7 6 9 9 1 9 6 1 9 9 1 1 1 1 10 	Neg
1 1 1 1 1 8 1 1 6 6 6 1 6 8 8 1 8 	Neg
6 1 1 7 1 7 10 2 7 1 1 1 10 10 1 1 1 10 2 10 	Neg
1 10 1 8 7 9 1 1 6 1 6 1 1 8 8 7 	Neg
1 1 1 1 1 1 1 1 1 1 1 1 1 1 1 1 1 1 1 1 	Pos
10 11 1 1 1 1 1 11 1 10 1 1 1 11 11 1 1 10 1 1 10 1 10 1 	Neg
1 1 1 1 12 1 1 1 1 1 1 1 1 12 1 1 1 	Neg
4 4 1 1 1 1 1 1 4 1 1 1 2 4 4 1 1 1 1 2 2 1 1 	Neg
1 1 1 1 1 1 1 1 1 1 1 1 1 1 1 1 1 1 1 1 1 1 1 	Pos
1 11 6 1 1 11 1 1 1 1 1 1 1 11 6 1 6 11 6 1 1 1 1 1 11 	Neg
13 1 1 13 13 1 1 10 1 1 1 1 1 1 1 1 6 	Neg
1 1 5 1 6 1 1 1 6 1 1 3 10 1 1 2 	Neg
6 1 1 1 1 1 1 6 1 1 1 1 1 1 6 1 1 6 1 1 	Neg
1 1 12 10 1 10 1 10 13 1 1 10 1 10 1 1 1 12 12 12 10 10 	Neg
1 1 1 1 1 10 1 1 1 1 1 1 1 1 1 1 10 1 1 1 10 1 	Neg
1 5 1 6 6 1 10 1 1 2 1 1 1 1 1 1 1 1 1 1 6 1 1 1 1 2 	Neg
12 1 1 3 1 3 1 10 1 12 1 3 12 3 3 2 1 1 10 3 1 	Neg
1 1 1 1 11 1 1 1 1 1 1 1 1 1 1 1 1 1 1 1 1 1 	Neg
1 1 1 1 1 1 1 1 1 1 1 1 1 1 1 1 1 6 2 1 6 6 1 1 1 1 2 	Neg
1 1 1 1 1 1 1 1 1 6 1 1 1 1 1 	Neg
2 4 2 3 10 1 2 10 1 10 1 1 13 1 13 1 13 2 13 1 10 13 13 	Neg
1 1 1 1 10 9 1 12 6 1 9 6 10 1 1 1 1 1 6 1 6 	Neg
1 1 1 1 1 1 1 1 1 1 1 1 1 1 1 4 1 2 10 1 1 1 	Neg
10 1 10 10 10 1 1 10 10 10 8 1 10 1 1 1 1 1 6 	Neg
1 4 6 1 1 1 8 1 2 6 4 2 2 2 6 4 10 8 1 	Neg
1 1 1 1 1 1 1 1 1 1 1 2 2 1 8 2 7 1 1 8 1 	Neg
10 11 11 11 1 11 4 11 13 1 11 1 1 1 1 11 1 1 1 10 13 	Neg
1 2 1 1 6 1 1 6 1 4 1 6 1 1 1 1 6 6 1 6 1 	Neg
1 1 1 1 1 1 1 12 1 10 10 12 10 1 1 1 13 1 10 1 10 12 1 	Neg
8 1 1 1 12 1 10 10 10 1 1 10 1 12 1 1 1 1 10 10 6 1 1 10 1 1 10 	Neg
1 1 8 1 1 10 6 1 1 10 8 6 6 1 6 8 6 1 6 	Neg
6 1 1 6 1 2 1 2 6 2 6 1 6 1 6 1 1 8 1 1 2 6 1 	Neg
1 1 1 4 4 2 1 10 1 1 4 1 4 2 4 2 6 1 1 1 1 1 1 	Neg
2 3 1 2 2 2 1 1 1 1 3 1 1 1 1 3 1 2 3 3 3 1 2 	Neg
1 1 1 1 10 10 1 10 10 1 1 1 1 1 1 1 1 1 1 1 1 1 10 1 	Neg
10 2 10 1 1 10 1 6 1 1 1 1 11 10 10 1 2 	Neg
10 13 9 7 1 10 1 6 1 1 6 1 6 1 1 2 1 6 	Neg
12 1 12 10 1 10 7 1 7 1 1 1 12 13 1 12 10 	Neg
1 12 1 13 10 12 2 2 1 1 12 9 10 4 5 1 1 1 9 10 1 1 1 12 9 1 6 1 	Neg
1 10 10 10 1 10 10 1 10 10 10 10 1 1 10 1 1 	Neg
1 3 6 7 10 13 3 1 1 2 3 1 	Neg
2 1 1 2 2 4 3 7 4 4 1 2 2 1 1 2 4 4 	Neg
1 1 1 1 1 9 9 6 1 1 1 1 6 10 1 6 1 1 1 1 1 	Neg
12 2 10 1 10 12 10 2 1 1 1 10 1 1 1 1 5 12 	Neg
1 1 1 1 1 1 1 1 1 1 1 1 1 1 1 1 	Neg
9 8 6 8 6 2 6 1 7 3 1 10 6 1 8 1 1 6 2 1 1 12 3 1 	Neg
6 10 10 13 6 6 7 6 6 6 7 1 6 1 6 7 1 1 1 	Neg
1 1 1 1 1 1 1 10 1 1 10 10 1 10 	Neg
1 1 1 2 1 4 4 1 1 1 1 1 1 1 4 1 1 1 2 1 9 9 1 1 1 1 1 1 	Neg
1 1 10 1 1 1 1 10 	Neg
1 1 1 1 1 1 1 1 1 1 1 1 1 1 1 1 1 1 1 1 1 1 	Neg
1 1 1 1 1 1 6 2 1 1 1 1 1 1 1 9 1 1 1 1 1 1 1 9 1 	Neg
1 1 1 1 1 1 1 1 10 10 10 10 10 1 10 1 1 2 1 3 10 10 10 10 1 6 1 13 	Neg
1 1 11 10 1 1 6 1 1 1 1 1 11 10 10 11 10 10 1 1 10 	Neg
1 1 9 1 1 1 1 1 1 1 1 1 1 1 1 1 3 3 1 1 1 1 1 1 	Neg
1 1 1 1 1 9 1 1 2 1 1 1 1 9 	Neg
10 1 1 1 8 11 1 1 1 11 6 1 1 1 1 1 	Neg
1 1 1 1 3 1 1 1 2 2 1 1 2 1 1 1 1 1 1 1 1 1 1 	Neg
1 2 12 1 1 1 10 1 1 1 1 10 5 1 1 1 2 	Neg
1 1 10 1 11 10 1 1 1 1 10 1 1 1 11 1 1 	Neg
1 1 1 13 1 1 1 2 1 1 1 1 3 2 1 1 3 1 1 1 1 1 3 1 	Neg
1 6 1 6 13 1 1 6 1 6 1 6 10 6 1 6 10 1 1 10 1 1 6 	Neg
6 1 1 1 9 6 1 1 1 1 6 9 1 6 5 1 1 1 9 2 1 	Neg
12 1 2 4 1 1 1 1 1 1 1 1 4 1 1 	Neg
1 1 1 1 9 1 1 1 1 1 1 9 1 9 9 1 1 1 1 1 	Neg
5 1 1 10 2 3 1 10 1 1 1 1 1 1 1 2 10 10 	Neg
1 4 1 1 4 4 1 1 1 2 2 1 1 1 1 1 1 4 1 1 1 	Neg
1 1 1 1 10 1 1 1 1 10 6 2 1 10 	Neg
1 6 1 1 6 6 1 1 1 1 6 6 	Neg
5 2 1 1 2 3 1 1 1 1 2 1 1 2 1 2 2 1 	Neg
1 1 10 1 1 1 1 1 12 1 1 12 1 1 1 1 1 10 	Neg
13 1 7 1 13 7 6 10 10 1 10 10 7 7 7 10 1 10 7 6 7 1 13 	Neg
1 1 1 1 1 10 1 10 11 2 1 8 1 1 1 1 1 11 11 1 1 8 	Neg
1 1 1 1 1 2 1 1 1 1 1 1 1 1 1 1 1 1 	Neg
1 2 2 1 1 1 1 2 1 2 1 2 1 5 1 1 10 1 1 5 5 	Neg
1 1 1 1 1 1 1 1 1 1 1 1 1 1 1 1 1 8 6 1 1 	Neg
1 12 1 1 2 1 1 10 1 1 1 10 1 1 1 1 	Neg
2 2 1 2 1 1 1 1 1 1 1 6 1 1 1 1 4 1 1 1 6 6 1 1 1 	Neg
1 1 1 10 7 1 7 8 1 1 1 7 3 1 6 2 	Neg
1 1 1 2 1 1 1 5 1 1 2 2 1 1 1 5 1 1 1 	Neg
6 6 1 1 6 2 10 13 4 4 1 1 6 6 6 6 1 13 1 4 1 1 1 2 	Neg
1 8 1 1 1 1 7 1 1 1 8 6 1 1 1 1 1 6 1 1 1 8 6 	Neg
1 1 1 2 4 1 1 1 1 1 1 1 1 1 2 1 1 4 2 2 1 2 2 1 1 	Neg
12 1 10 1 12 10 1 10 1 10 12 1 1 10 10 1 10 10 1 12 	Neg
1 1 5 6 2 2 2 2 1 2 1 1 5 1 1 2 1 	Neg
1 1 1 1 1 1 1 1 1 1 1 1 1 1 1 1 1 1 1 1 1 	Neg
1 1 1 1 1 7 1 1 7 1 1 1 1 1 7 1 1 1 1 	Neg
9 6 9 6 6 9 9 1 6 6 1 1 6 	Neg
1 1 1 1 1 1 1 1 1 1 12 10 1 12 1 1 10 12 1 1 	Neg
1 1 1 1 2 1 2 1 11 1 1 3 8 1 1 1 1 1 2 1 1 1 1 	Neg
1 2 1 5 1 5 1 2 1 1 5 1 1 1 	Neg
6 6 1 1 1 1 6 1 1 1 1 6 1 6 1 6 1 1 6 	Neg
2 1 1 2 1 1 2 2 1 2 5 1 1 1 	Neg
1 1 1 6 1 1 1 1 6 1 1 11 10 6 6 1 10 4 1 1 1 7 1 1 1 6 1 	Neg
1 1 1 1 1 1 1 1 1 	Pos
1 1 13 1 1 1 1 1 1 1 1 10 4 1 13 1 10 13 1 1 1 	Neg
5 1 1 6 1 1 1 1 1 5 1 5 2 1 1 1 1 6 1 1 1 1 1 1 1 1 	Neg
2 1 1 1 2 1 4 1 1 1 1 1 1 1 4 1 1 1 1 2 1 1 1 1 2 	Neg
1 1 1 1 1 1 1 1 1 1 1 1 1 1 1 10 1 10 1 1 1 	Neg
7 10 1 7 1 10 6 1 6 7 2 1 1 1 6 13 10 	Neg
1 1 1 1 1 1 1 1 6 1 1 1 1 1 2 2 	Neg
6 1 1 1 1 1 1 1 1 1 6 1 6 6 1 1 10 6 1 6 1 6 1 1 2 	Neg
1 8 6 8 6 1 6 6 8 4 1 5 1 1 1 1 2 5 1 1 	Neg
1 1 6 10 1 10 1 1 1 1 1 1 1 10 1 13 6 1 1 1 1 1 10 	Neg
2 10 1 10 12 12 1 1 1 12 10 12 1 12 1 	Neg
2 1 1 1 1 1 1 2 1 1 1 1 1 3 1 3 2 1 2 2 1 1 	Neg
1 1 1 1 1 1 6 1 1 1 1 1 1 1 1 1 1 1 1 1 1 1 1 1 	Neg
2 10 1 10 2 1 1 1 10 10 10 10 11 10 11 1 13 13 10 1 	Neg
1 1 1 1 1 1 1 1 1 1 1 10 1 1 1 1 1 2 1 1 1 	Neg
1 6 6 1 4 6 1 6 4 6 1 1 6 7 6 1 	Neg
1 10 11 1 1 11 1 1 1 1 10 1 10 1 1 10 1 1 11 10 1 10 1 1 1 11 1 1 10 1 1 1 1 1 	Neg
1 1 10 1 1 1 10 1 1 1 1 10 10 6 1 1 1 1 1 5 10 6 1 	Neg
1 1 10 1 6 6 1 10 10 1 1 10 1 1 3 8 2 10 2 10 3 	Neg
1 1 1 1 1 1 6 1 6 1 1 1 6 7 1 1 1 1 1 1 1 1 1 1 1 	Neg
1 1 1 1 1 1 1 1 1 1 1 1 1 1 1 1 1 1 1 	Neg
1 1 1 1 9 1 1 1 1 6 1 1 1 1 9 6 1 1 9 1 1 1 1 9 1 1 1 	Neg
2 1 1 2 2 1 1 1 2 2 2 1 1 2 2 2 1 1 1 1 1 2 1 	Neg
2 1 6 1 1 2 1 2 1 1 1 1 1 1 6 1 1 	Neg
1 1 1 1 6 12 1 1 6 1 1 10 12 4 1 1 	Neg
1 1 1 4 2 1 1 10 1 1 10 1 1 1 10 1 1 1 1 1 2 1 10 	Neg
6 1 6 6 1 6 1 1 1 1 1 8 1 1 1 6 6 6 9 6 6 9 1 9 9 9 	Neg
1 1 1 1 10 1 1 1 1 13 12 1 1 12 10 10 1 1 1 	Neg
1 1 1 1 1 1 1 1 1 1 1 1 1 1 1 1 1 1 1 1 	Neg
1 1 6 9 2 2 9 1 1 1 6 6 9 9 9 1 1 6 6 9 1 6 1 1 6 9 6 6 6 	Neg
2 7 1 1 1 1 1 1 6 1 1 1 1 1 6 1 1 2 1 7 	Neg
1 1 1 1 1 1 1 1 1 1 1 12 1 	Neg
1 4 1 1 1 1 1 1 1 1 1 1 1 1 1 1 	Neg
1 1 10 1 3 2 1 1 1 12 1 2 1 10 12 1 1 1 1 	Neg
1 1 1 1 1 1 1 1 1 1 1 1 1 1 1 1 1 	Pos
6 1 1 7 1 7 6 1 7 7 6 3 6 1 6 1 7 10 1 	Neg
2 1 2 1 1 2 4 2 4 7 4 6 4 2 4 4 1 1 1 	Neg
1 1 1 5 5 2 9 2 1 1 2 5 1 11 2 1 1 9 1 1 	Neg
7 1 1 7 6 7 6 1 7 1 7 7 7 1 	Neg
13 13 1 6 1 1 1 1 13 1 1 1 1 1 1 1 1 1 10 1 1 1 	Neg
1 1 10 1 1 1 1 1 10 1 1 1 10 10 1 2 1 1 1 1 1 	Neg
1 1 10 1 1 1 1 1 1 8 1 1 1 1 6 1 5 1 1 1 1 	Neg
1 10 1 1 1 10 10 1 1 1 1 6 1 1 1 1 1 1 1 1 10 	Neg
1 1 1 1 1 2 1 1 1 4 1 1 4 2 1 1 1 2 4 	Neg
1 1 1 1 4 1 1 2 2 2 1 2 1 6 6 2 	Neg
1 13 1 1 1 1 1 10 1 1 6 1 1 10 1 1 13 13 1 1 1 1 1 1 1 2 6 	Neg
2 1 2 2 2 1 1 1 1 1 2 4 2 1 	Neg
1 1 1 1 1 1 1 11 10 1 11 1 	Neg
1 13 1 1 1 1 10 1 1 1 1 1 1 1 1 1 1 1 1 1 1 1 6 	Neg
1 1 1 6 11 9 6 1 1 9 6 1 6 1 1 9 1 9 	Neg
6 8 1 1 1 1 1 8 8 1 7 7 6 6 6 1 	Neg
1 9 1 1 1 1 1 1 1 1 1 1 8 1 1 1 1 1 1 	Neg
1 1 11 4 1 1 1 4 1 10 1 10 1 10 4 4 1 13 1 10 1 1 1 2 10 1 13 1 13 1 	Neg
1 5 1 1 1 1 1 1 1 1 9 1 5 1 1 1 1 5 	Neg
1 1 1 1 1 1 1 1 1 1 1 1 1 1 1 1 1 5 1 1 1 1 9 	Neg
1 1 1 1 1 6 2 1 4 1 2 2 1 1 1 1 1 1 1 	Neg
1 1 10 6 1 1 1 1 10 11 9 11 10 10 10 1 11 6 	Neg
6 1 1 6 1 11 1 1 1 1 1 1 1 1 1 1 6 1 6 1 1 	Neg
1 12 10 1 1 1 1 10 10 11 1 1 1 1 1 12 12 1 1 12 10 1 1 10 1 1 	Neg
1 1 1 1 1 1 10 10 1 11 11 1 1 1 1 	Neg
6 1 1 7 6 1 1 1 6 1 1 1 1 1 1 1 1 8 	Neg
1 2 1 1 1 4 10 10 1 1 1 1 1 1 4 1 1 	Neg
1 1 6 6 1 1 6 1 6 10 2 1 1 1 1 1 1 	Neg
1 1 1 1 1 1 1 1 1 1 1 1 1 1 1 1 1 1 1 1 1 1 1 1 1 1 1 1 1 1 	Neg
1 1 1 2 2 1 1 1 1 1 1 1 1 10 2 1 1 1 	Neg
10 1 1 1 1 1 1 1 1 12 1 1 1 1 12 10 12 1 1 1 1 1 10 1 12 1 	Neg
1 10 2 1 2 2 2 1 2 1 1 1 3 1 1 1 1 	Neg
11 10 10 1 1 1 10 1 1 1 1 1 1 1 10 1 1 	Neg
1 7 1 1 7 1 1 1 1 1 1 	Neg
1 1 1 1 1 1 1 1 1 1 1 1 1 1 1 	Pos
10 1 1 6 1 1 1 7 7 7 7 7 1 13 7 6 6 1 7 1 6 1 	Neg
1 1 1 1 1 1 1 2 1 1 10 1 1 1 5 10 1 1 1 1 	Neg
1 6 1 10 1 9 10 1 1 1 1 2 1 1 10 9 9 1 6 9 9 9 9 1 	Neg
1 1 1 1 2 2 2 1 4 1 1 1 2 1 1 1 4 1 	Neg
1 1 10 1 10 1 1 1 1 1 1 1 11 1 10 1 1 6 1 1 1 1 	Neg
1 1 2 3 2 1 1 1 2 1 1 6 6 1 2 1 2 10 1 1 1 3 	Neg
1 1 8 1 10 1 10 1 1 1 1 10 2 1 1 1 1 1 10 1 	Neg
2 1 2 1 10 1 1 3 10 3 1 2 2 12 1 	Neg
1 1 1 1 1 1 1 10 1 1 1 1 1 1 13 1 	Neg
2 6 6 1 4 4 4 8 1 6 4 8 8 4 8 2 2 2 1 1 1 8 	Neg
13 2 2 1 1 2 2 1 10 1 4 13 1 2 1 1 1 1 1 2 10 1 2 1 1 2 	Neg
1 1 1 1 1 2 1 1 1 10 3 3 10 2 10 1 1 1 10 1 10 10 1 1 	Neg
1 1 1 1 10 10 1 6 1 10 1 1 10 1 1 1 1 	Neg
1 1 10 13 13 13 13 13 1 10 1 10 10 2 10 13 10 1 2 10 13 	Neg
1 1 2 1 1 2 2 1 1 1 2 10 5 1 2 2 13 1 1 	Neg
1 1 1 1 1 1 1 1 1 10 1 1 1 1 1 1 1 1 1 1 1 	Neg
1 2 1 8 10 1 2 1 1 8 1 8 11 1 10 6 1 1 11 1 1 8 2 	Neg
1 10 1 1 1 1 1 1 1 1 3 2 1 1 1 1 3 3 1 1 1 	Neg
1 1 1 1 1 2 1 1 2 1 1 1 1 1 1 	Neg
1 1 1 1 1 1 1 1 1 1 1 1 1 5 6 1 9 1 5 6 1 1 6 2 	Neg
7 8 1 10 1 1 1 1 1 1 1 1 1 6 2 2 1 1 10 10 1 7 	Neg
1 1 1 1 1 1 1 1 1 1 1 1 1 1 	Neg
1 4 1 1 1 1 1 1 1 9 1 9 2 1 9 1 1 	Neg
1 10 10 1 10 10 1 1 1 1 1 1 10 	Neg
1 1 10 1 10 1 1 1 10 6 1 6 1 1 1 10 2 	Neg
1 1 5 1 1 1 1 1 1 10 1 1 1 1 1 2 1 1 1 	Neg
7 1 6 1 1 1 8 1 1 6 1 1 1 1 1 1 1 1 1 1 1 1 	Neg
1 1 1 1 1 1 1 1 1 1 1 1 1 1 1 11 1 1 2 11 	Neg
11 1 4 11 11 10 10 1 4 2 1 1 1 10 10 1 10 1 1 10 10 1 	Neg
1 1 1 1 1 1 2 1 6 1 5 1 2 1 1 1 5 1 1 1 1 1 	Neg
1 2 6 1 6 1 1 6 1 1 6 1 2 1 6 1 	Neg
2 6 6 4 1 1 1 1 1 1 9 4 1 	Neg
3 3 2 1 1 4 1 2 1 2 2 2 1 1 2 2 2 1 1 	Neg
10 1 11 11 1 1 10 11 1 11 1 1 6 1 10 1 1 1 1 1 1 1 1 1 10 1 	Neg
2 1 1 1 4 4 1 1 2 1 4 1 2 2 2 1 1 4 4 	Neg
12 6 6 1 7 6 13 1 1 1 10 1 10 7 1 7 1 1 12 	Neg
1 2 2 2 1 2 2 5 1 1 1 	Neg
10 1 9 1 10 1 1 9 1 1 1 10 1 1 1 10 10 1 1 1 1 1 12 	Neg
1 3 1 1 1 11 1 3 10 3 2 1 1 10 1 1 1 10 1 	Neg
1 1 1 1 1 1 1 1 1 1 1 1 1 1 1 1 1 1 1 1 1 	Neg
1 1 6 6 1 1 1 1 1 3 1 6 6 6 1 6 9 6 6 	Neg
1 1 2 2 1 1 1 2 1 1 1 1 1 2 2 1 1 1 2 1 	Neg
7 6 1 6 2 1 6 1 1 1 1 1 1 4 1 1 1 7 4 1 1 1 	Neg
2 1 9 6 9 6 6 1 1 1 1 1 2 12 13 10 6 6 1 2 1 	Neg
1 2 1 11 1 10 1 2 1 1 1 1 1 1 1 11 6 1 12 10 1 	Neg
6 1 1 1 1 1 1 1 1 1 1 1 1 1 2 1 7 1 1 	Neg
1 1 1 2 1 1 1 1 1 1 1 	Neg
1 6 1 1 1 1 1 6 1 1 1 1 1 1 6 1 1 6 1 1 1 1 1 12 6 10 6 3 	Neg
1 1 1 1 1 1 1 1 1 1 1 1 1 1 1 1 	Pos
6 6 5 6 1 1 1 6 6 10 6 1 1 1 6 1 6 6 6 6 1 12 1 1 6 6 6 6 1 	Neg
10 10 10 1 1 11 1 1 1 13 11 10 10 13 10 10 10 1 10 1 1 	Neg
1 1 1 1 1 6 10 4 1 1 1 1 1 6 8 	Neg
1 1 2 1 1 2 1 1 1 1 1 5 2 1 1 7 1 1 1 	Neg
1 1 1 1 1 1 1 6 1 1 8 1 1 1 6 1 1 6 	Neg
5 1 7 1 1 1 6 1 5 6 6 6 1 7 6 	Neg
1 10 10 1 1 10 2 1 1 1 1 1 1 1 1 1 1 1 1 1 1 10 1 1 10 10 	Neg
1 1 1 1 1 11 9 1 1 6 1 1 1 1 1 1 1 1 13 1 1 1 1 	Neg
2 2 2 1 10 1 12 1 1 2 12 1 2 2 10 2 1 12 12 12 1 11 12 1 1 1 12 1 	Neg
1 9 1 1 1 1 1 9 2 2 1 1 1 1 9 10 1 9 1 	Neg
10 1 2 1 1 1 1 2 10 5 1 10 	Neg
10 10 1 1 12 1 1 1 1 12 1 12 1 10 1 1 6 1 1 1 	Neg
1 1 1 1 1 2 1 1 1 1 1 1 1 1 1 1 2 1 1 1 13 1 	Neg
1 1 5 1 1 1 1 1 1 1 1 1 1 1 1 13 1 1 1 1 	Neg
1 1 1 2 2 1 1 1 1 1 1 1 1 1 1 1 1 2 1 	Neg
1 6 1 5 1 1 1 1 1 1 1 11 1 1 1 6 1 	Neg
10 10 11 1 11 13 11 11 1 1 11 13 5 1 11 10 10 1 	Neg
10 1 1 2 1 1 2 1 2 1 1 1 1 1 1 1 1 1 1 10 1 1 1 1 	Neg
1 1 1 1 1 1 1 1 1 1 1 1 1 2 1 1 1 1 1 1 2 1 3 1 1 1 1 1 1 1 	Neg
1 10 10 2 11 1 1 1 12 1 1 11 1 10 1 10 1 2 2 2 11 11 1 	Neg
1 11 10 11 1 10 10 1 10 1 1 11 10 1 10 1 	Neg
1 3 12 1 12 3 10 12 12 10 1 12 12 1 1 1 	Neg
6 1 1 6 1 1 1 1 1 1 1 1 1 1 1 1 1 1 1 1 1 1 1 	Neg
10 10 7 1 1 6 7 6 7 6 1 6 1 7 6 6 	Neg
6 7 7 1 7 7 1 6 7 1 1 6 1 7 7 7 1 7 	Neg
1 1 1 10 1 8 1 1 1 1 1 1 6 1 10 1 10 1 	Neg
10 1 6 10 10 13 1 13 1 1 13 1 10 10 13 13 13 1 6 1 	Neg
1 1 1 1 6 1 1 1 1 1 5 1 1 1 1 1 6 6 1 	Neg
1 1 10 1 1 1 6 1 1 1 1 1 1 6 1 1 12 1 	Neg
5 6 6 1 8 7 1 2 6 5 1 7 7 5 1 1 1 1 7 6 1 5 6 	Neg
1 1 1 13 1 1 1 1 1 1 1 1 1 1 1 1 1 1 1 1 1 1 1 1 	Neg
1 1 9 1 1 1 1 9 6 1 9 1 9 6 1 9 9 9 1 	Neg
1 1 6 1 6 6 1 1 1 1 1 1 1 1 1 1 6 1 6 1 1 	Neg
1 2 1 2 4 1 2 2 1 1 2 4 1 1 4 1 	Neg
1 1 1 1 1 1 10 1 1 1 1 1 10 2 1 11 1 1 1 1 	Neg
1 1 1 1 1 1 1 1 1 1 1 1 1 2 1 1 1 10 1 1 10 10 1 	Neg
10 9 10 10 10 9 12 12 10 10 12 12 1 10 10 10 12 10 1 12 	Neg
1 3 1 2 2 1 2 4 3 1 1 5 6 3 6 3 2 10 2 4 10 3 1 1 	Neg
6 1 6 2 8 6 6 4 1 2 1 1 1 1 1 	Neg
1 1 12 12 1 10 10 2 12 10 10 1 2 10 1 12 	Neg
1 1 1 1 1 1 1 1 1 1 1 1 1 1 11 1 1 2 1 1 1 1 10 	Neg
1 5 3 1 1 5 2 1 1 4 2 1 3 1 1 1 2 2 	Neg
1 3 3 1 1 2 3 1 2 1 2 3 1 1 1 1 1 1 2 3 	Neg
1 2 4 4 13 2 2 1 4 1 6 1 	Neg
1 6 1 1 1 1 1 1 7 1 6 1 1 6 1 7 6 6 7 1 1 1 1 	Neg
6 1 6 6 6 6 1 1 1 6 6 1 1 1 1 1 6 6 6 6 1 	Neg
12 1 1 1 1 1 1 1 1 1 1 2 1 1 1 1 10 10 1 1 1 1 	Neg
1 1 1 1 1 1 1 1 1 1 1 1 1 1 1 1 1 1 1 11 1 1 	Neg
1 1 1 1 1 6 1 1 1 3 1 1 1 1 1 1 1 1 1 1 1 1 1 1 1 1 1 	Neg
1 1 3 1 1 1 1 1 1 3 1 3 3 1 3 3 1 1 1 	Neg
4 1 4 1 4 1 1 1 2 1 1 1 1 1 1 1 1 1 1 1 1 1 	Neg
1 1 1 1 2 1 1 1 1 2 1 1 1 2 13 1 1 2 2 1 1 2 2 2 1 	Neg
4 6 1 1 1 10 2 4 1 1 12 6 12 12 1 12 12 1 2 1 1 1 1 1 10 12 1 1 1 1 	Neg
1 2 1 1 1 10 1 1 1 1 2 1 1 1 1 1 1 1 1 1 1 1 	Neg
10 7 1 5 10 11 10 1 7 1 1 1 1 1 1 1 1 6 1 1 1 10 1 	Neg
2 1 1 1 1 1 1 1 1 1 1 1 	Neg
1 1 1 1 1 1 6 1 2 1 1 1 1 1 11 1 1 1 1 	Neg
1 3 3 2 1 1 1 1 10 1 2 1 1 1 2 2 1 2 1 3 1 	Neg
1 1 1 1 1 2 1 1 6 1 1 5 1 1 1 1 1 5 6 1 1 1 1 1 1 1 1 	Neg
1 12 9 1 10 13 9 3 1 1 1 1 12 6 12 1 	Neg
5 9 6 6 2 5 1 1 9 2 2 5 1 2 1 2 5 5 2 5 2 5 	Neg
1 1 1 1 1 1 1 6 1 1 1 1 1 1 1 1 1 1 1 1 1 	Neg
1 6 6 8 8 6 8 1 6 6 8 1 1 8 1 6 8 	Neg
1 2 1 1 1 1 1 2 2 2 1 1 1 2 1 1 1 1 6 2 1 1 1 1 1 2 2 	Neg
10 7 1 10 1 1 1 7 7 1 1 1 10 6 1 12 1 10 1 10 6 10 1 6 	Neg
1 1 1 1 1 1 1 1 8 1 1 1 1 1 4 1 1 1 1 1 1 1 1 1 1 1 1 1 1 	Neg
1 1 1 1 1 1 1 1 1 1 6 1 1 1 1 1 1 1 1 1 1 1 1 1 1 1 1 1 	Neg
7 1 1 1 1 6 7 1 6 1 1 6 7 7 1 6 7 7 1 7 6 	Neg
2 1 1 2 9 6 6 9 1 2 2 2 2 1 1 1 6 1 	Neg
3 1 1 13 1 1 12 2 1 13 1 1 10 10 1 2 1 1 1 	Neg
4 1 6 1 9 2 1 1 10 1 6 6 6 1 1 	Neg
1 1 2 1 2 1 1 1 10 1 10 1 1 1 10 1 1 1 1 1 	Neg
1 1 1 1 1 2 11 1 1 1 3 1 1 1 10 1 3 	Neg
1 1 2 1 1 2 2 1 1 2 1 1 	Neg
7 6 1 7 8 1 1 1 1 2 7 7 7 1 1 6 	Neg
1 11 1 2 1 9 1 1 1 1 1 1 1 1 1 6 1 10 1 1 1 11 1 	Neg
8 6 1 8 8 6 1 6 1 6 1 8 1 6 1 1 1 1 	Neg
6 2 2 2 10 1 1 1 6 1 1 1 1 6 6 1 3 1 6 1 6 1 6 1 1 3 6 6 1 	Neg
6 1 9 9 1 6 1 6 9 1 1 1 1 1 1 1 	Neg
6 1 6 6 6 6 1 1 2 6 6 6 6 6 1 6 1 1 6 6 1 1 1 12 	Neg
1 1 1 1 1 1 1 1 1 10 1 1 1 6 	Neg
1 1 1 1 1 7 1 1 1 7 2 1 1 1 1 6 6 7 6 1 	Neg
1 1 1 1 1 1 1 2 1 1 1 1 1 1 1 1 1 1 1 1 1 1 1 1 2 1 	Neg
1 6 6 6 3 6 6 6 1 8 1 1 6 1 1 8 1 6 	Neg
13 1 13 10 10 1 1 1 1 13 1 1 1 1 1 10 10 1 13 1 1 1 1 1 1 1 1 	Neg
1 1 1 6 1 6 2 6 1 1 2 1 1 2 1 1 2 1 1 1 6 1 6 6 6 1 6 	Neg
5 5 9 1 1 1 1 1 1 2 1 5 10 1 5 1 12 6 	Neg
1 11 1 2 1 2 2 10 11 1 10 1 2 1 1 1 2 1 10 1 	Neg
2 6 6 2 6 1 1 10 6 7 7 1 1 6 1 1 7 1 1 1 6 6 1 7 	Neg
10 10 1 1 10 1 1 3 1 1 10 1 1 1 	Neg
1 5 2 7 6 1 1 1 1 1 1 1 7 1 1 6 10 1 1 4 	Neg
11 1 11 1 1 11 10 11 1 1 11 3 10 11 1 1 10 11 	Neg
6 6 6 1 6 6 1 1 6 1 1 6 6 1 6 1 1 1 1 6 6 6 1 1 	Neg
4 4 2 1 1 2 6 4 1 1 1 1 1 1 1 2 6 1 6 1 1 9 1 1 4 	Neg
1 1 1 1 1 1 1 1 1 1 8 1 1 1 1 1 1 1 1 1 	Neg
1 1 10 10 12 1 10 1 1 1 1 12 1 1 1 1 3 10 	Neg
1 1 12 1 1 1 10 10 10 1 10 10 10 12 1 1 1 1 12 12 10 	Neg
2 1 2 6 1 2 7 1 2 3 2 1 1 1 1 3 1 1 	Neg
1 1 11 2 1 1 1 1 2 10 1 10 2 1 1 1 1 10 10 1 1 1 1 1 1 1 	Neg
2 4 2 1 3 6 1 2 2 2 1 1 1 1 1 1 1 	Neg
1 1 1 1 1 1 10 12 1 6 1 1 1 1 1 12 1 1 1 1 12 1 	Neg
6 6 1 6 1 2 1 9 1 9 8 6 6 1 2 12 6 1 9 6 10 	Neg
1 1 1 1 1 1 1 1 1 1 7 1 2 1 1 1 1 	Neg
6 1 1 1 1 6 1 1 6 1 10 1 7 1 1 1 1 1 	Neg
1 1 2 1 13 8 1 10 13 6 8 1 1 8 1 10 6 13 1 1 8 8 1 8 	Neg
1 1 1 1 1 1 1 6 1 1 1 1 1 1 1 1 1 1 11 1 1 1 1 1 	Neg
1 1 2 2 2 1 1 2 7 1 3 1 1 2 2 6 3 1 1 5 6 1 	Neg
1 5 1 1 2 1 2 1 2 5 2 1 2 1 1 1 1 1 	Neg
1 8 8 1 1 8 1 1 1 1 1 1 1 1 6 1 1 1 6 7 6 6 	Neg
6 8 6 1 8 6 1 8 6 1 8 1 6 6 	Neg
2 2 5 1 10 1 2 1 1 5 5 2 2 5 1 5 1 5 2 2 5 5 	Neg
1 1 1 1 1 1 1 1 1 1 1 1 1 1 1 1 1 1 1 1 1 1 1 	Neg
1 2 1 10 10 5 1 5 10 1 2 2 10 1 2 2 5 1 1 1 5 1 5 	Neg
1 1 4 2 1 1 1 1 1 1 5 1 1 4 5 4 4 5 1 1 5 	Neg
1 1 10 1 1 10 1 1 1 1 6 1 1 1 1 	Neg
1 11 2 4 1 11 2 2 4 2 1 2 1 1 2 2 1 1 1 1 1 1 2 	Neg
1 1 1 1 11 10 1 10 10 1 10 1 1 1 11 10 1 1 10 10 10 1 	Neg
1 1 1 4 1 1 4 1 2 1 4 1 1 4 1 1 1 1 3 1 1 	Neg
9 1 1 9 6 1 1 1 1 1 1 1 1 6 1 1 1 1 6 1 1 1 	Neg
11 11 11 1 1 10 1 11 12 1 1 10 11 2 1 1 11 1 1 11 	Neg
1 1 10 1 1 1 1 9 1 10 10 10 1 10 10 13 6 11 1 1 10 	Neg
1 12 1 8 1 10 12 10 1 2 1 1 1 12 6 1 1 1 	Neg
1 1 1 1 1 1 1 1 1 1 13 1 1 1 	Neg
8 2 1 1 6 1 6 13 1 13 6 6 8 5 1 13 	Neg
2 2 2 11 5 10 1 1 2 5 5 10 	Neg
1 1 1 1 2 6 6 1 1 1 6 1 6 1 1 	Neg
1 1 1 10 1 1 1 1 1 1 1 1 1 1 1 1 	Neg
1 1 6 9 9 1 9 9 1 6 1 1 1 1 	Neg
7 1 12 10 12 12 12 1 12 4 1 10 10 1 12 1 12 1 12 1 1 	Neg
1 1 1 1 1 8 1 1 1 1 1 1 1 10 1 1 1 1 1 1 1 1 1 1 	Neg
1 1 5 5 2 2 1 4 1 5 5 1 2 1 1 2 	Neg
6 1 10 12 1 10 12 1 10 1 10 1 1 6 1 1 1 1 10 1 1 1 1 	Neg
5 6 6 1 1 2 6 1 1 1 1 	Neg
1 1 1 1 1 4 1 2 2 2 2 1 1 1 2 2 1 	Neg
10 10 1 13 13 6 1 1 13 1 1 1 13 10 10 13 1 1 1 13 10 10 1 10 	Neg
1 1 1 1 1 1 1 6 1 1 1 1 1 1 12 1 1 1 	Neg
10 11 11 10 11 11 10 1 1 1 6 1 10 11 10 1 1 6 1 6 1 	Neg
1 1 6 1 1 1 9 1 1 1 1 1 1 1 1 	Neg
10 13 1 1 1 1 1 1 1 10 7 13 1 2 1 13 1 13 1 1 6 6 	Neg
1 6 2 1 1 1 6 6 1 1 1 1 6 6 1 6 1 1 6 1 1 	Neg
12 1 1 1 1 1 1 1 2 1 2 1 1 	Neg
2 2 1 1 1 3 2 2 2 1 1 6 2 1 3 2 3 3 3 2 6 2 	Neg
1 1 1 6 6 1 6 1 1 1 6 1 2 1 9 1 1 1 1 7 1 1 2 1 	Neg
2 1 1 6 7 2 1 1 6 7 1 1 1 5 2 7 3 1 1 1 2 5 10 1 	Neg
1 1 1 4 6 6 7 1 1 6 1 1 6 1 1 1 1 6 	Neg
1 6 1 1 1 1 1 1 1 1 2 1 1 9 1 1 6 8 6 9 6 	Neg
1 4 1 1 2 4 4 1 2 1 4 2 4 2 1 1 1 1 1 4 4 1 2 4 	Neg
2 1 1 12 1 2 1 1 1 1 1 4 12 1 4 12 1 2 1 10 2 1 1 1 12 	Neg
6 1 1 1 1 1 1 6 1 6 1 6 1 1 1 	Neg
3 5 1 13 10 1 2 1 3 4 10 2 13 10 3 2 2 2 	Neg
1 1 1 1 1 1 1 10 1 10 1 1 1 1 1 1 1 1 1 1 1 1 	Neg
1 1 1 1 1 1 1 1 1 1 1 1 1 1 1 1 1 1 1 	Neg
1 11 1 10 1 1 10 10 10 10 4 10 1 10 11 11 11 10 10 	Neg
5 2 5 5 1 2 8 6 1 1 1 1 1 5 2 3 1 1 6 	Neg
13 9 2 1 1 10 4 1 1 9 1 1 1 10 10 	Neg
9 1 13 1 10 9 1 6 9 10 1 1 1 6 13 10 1 	Neg
1 2 1 10 1 5 1 1 1 5 4 10 1 10 12 10 1 1 1 1 1 12 1 	Neg
5 1 1 1 1 1 1 1 10 1 2 1 1 1 1 1 12 5 1 1 1 1 1 1 1 1 1 1 	Neg
1 2 2 1 1 2 2 1 1 1 1 1 1 	Neg
1 1 1 1 1 9 1 1 1 1 1 1 1 1 1 1 1 1 1 1 1 1 1 1 1 	Neg
1 1 10 11 1 1 1 1 1 1 6 9 1 11 1 1 	Neg
1 9 5 1 2 9 1 1 6 5 1 1 9 	Neg
2 1 2 2 1 10 2 1 1 1 2 2 1 1 6 10 1 1 2 	Neg
6 6 1 1 1 1 1 8 1 1 6 1 6 8 6 8 1 1 6 	Neg
10 1 6 2 1 1 6 1 6 1 1 1 1 6 6 1 	Neg
1 1 1 1 1 1 1 1 11 1 4 2 1 	Neg
6 1 3 6 1 1 1 1 1 1 1 1 10 1 2 1 1 3 2 1 1 1 1 8 2 1 1 1 1 	Neg
6 4 6 6 1 1 1 6 1 6 6 1 1 1 1 6 6 1 1 2 1 6 1 1 6 1 6 1 	Neg
1 2 1 1 1 10 1 1 1 2 2 1 1 1 	Neg
1 1 1 2 1 2 1 1 1 1 2 1 1 4 1 1 2 4 	Neg
1 1 1 2 1 1 1 1 1 1 1 1 1 1 	Neg
1 1 1 1 2 1 5 1 2 5 1 6 2 2 1 5 2 2 1 5 	Neg
10 4 10 1 10 2 1 10 10 1 1 10 10 13 1 13 1 1 13 13 	Neg
1 2 1 1 2 1 2 1 2 1 1 2 1 1 1 1 2 1 2 1 5 1 1 1 1 	Neg
4 4 2 2 6 1 1 4 6 2 2 1 2 3 4 2 4 1 6 6 4 3 2 1 1 2 6 13 1 4 6 6 	Neg
1 1 2 11 10 1 2 13 10 1 10 13 13 10 10 1 1 10 2 13 13 1 	Neg
1 2 1 1 10 9 1 1 6 1 1 1 1 1 1 1 1 1 1 13 13 1 1 1 1 	Neg
1 1 1 1 7 1 1 1 1 1 1 1 1 1 1 	Neg
1 10 12 1 1 10 10 1 1 12 13 1 12 12 12 1 11 2 1 	Neg
1 3 2 2 2 1 3 1 1 1 3 2 1 1 3 	Neg
1 1 1 1 6 10 1 1 1 1 1 6 6 11 1 1 6 1 1 1 1 6 1 1 1 1 	Neg
11 11 1 10 10 11 11 10 10 1 1 11 10 1 1 11 1 1 1 1 1 1 	Neg
1 1 1 1 1 1 6 1 1 1 1 10 1 10 5 6 1 2 1 1 1 1 1 1 	Neg
1 1 1 8 1 1 8 1 1 6 6 1 1 1 1 1 1 2 	Neg
1 1 1 10 1 1 1 1 1 2 13 13 1 1 6 3 13 1 2 1 1 	Neg
1 6 8 10 8 1 6 1 1 1 8 1 8 6 10 1 5 6 2 8 1 8 10 1 8 10 8 1 	Neg
1 1 1 1 1 1 1 6 1 7 1 6 10 1 6 	Neg
2 1 12 1 5 1 2 1 2 1 10 1 1 1 5 1 10 1 1 1 1 6 1 	Neg
1 1 1 7 1 1 11 7 1 1 6 1 1 1 1 1 1 11 11 1 1 1 1 	Neg
6 1 1 1 13 1 13 13 1 1 1 1 2 1 6 1 13 2 3 1 	Neg
1 1 1 1 1 1 1 1 1 4 4 4 1 1 1 	Neg
5 5 6 4 6 1 1 4 6 2 2 4 6 8 5 2 4 8 1 1 1 1 2 	Neg
1 6 1 1 1 1 9 10 1 9 1 6 1 9 1 6 6 1 9 1 1 1 	Neg
1 1 1 12 1 1 1 1 2 1 1 1 1 1 1 	Neg
6 9 1 6 1 2 1 9 6 1 6 6 6 2 9 1 9 2 1 1 9 3 9 1 	Neg
1 1 1 1 1 1 1 1 1 1 1 1 1 1 6 1 1 1 6 1 1 1 1 	Neg
1 12 5 1 1 2 12 1 1 1 2 1 1 5 5 5 1 2 1 1 	Neg
1 1 1 1 1 1 1 1 1 10 1 1 1 	Neg
2 2 1 1 1 2 5 2 1 1 1 1 5 1 1 2 	Neg
1 2 1 1 1 1 12 1 4 1 1 1 1 1 10 1 2 2 12 4 	Neg
12 1 1 12 1 10 2 1 1 12 1 1 3 1 13 1 1 	Neg
7 6 6 6 1 7 1 6 7 2 3 2 4 7 7 6 2 	Neg
1 1 1 1 1 1 2 1 1 1 1 1 1 1 1 1 	Neg
7 1 12 1 7 1 1 6 1 1 1 1 	Neg
1 1 6 10 2 10 1 1 1 1 10 10 10 1 1 1 13 1 6 1 	Neg
1 1 1 1 1 1 1 10 1 1 1 1 1 1 1 1 1 10 1 1 1 1 1 1 	Neg
1 1 3 1 1 1 3 12 1 1 3 2 3 2 1 1 1 1 1 12 	Neg
4 1 1 6 2 2 2 6 1 1 3 1 3 1 	Neg
1 12 1 12 12 6 10 10 1 6 1 1 6 1 12 1 1 6 	Neg
1 1 6 1 2 2 1 1 1 1 6 6 1 	Neg
1 1 1 1 1 1 1 1 1 1 1 1 1 1 1 1 	Pos
1 1 1 3 1 1 7 1 1 1 1 3 1 1 1 3 1 1 	Neg
1 10 3 12 12 1 2 1 1 10 1 10 2 1 1 	Neg
12 1 10 1 10 13 13 10 1 1 1 1 10 1 12 12 13 13 10 1 1 1 1 10 3 1 1 	Neg
1 1 10 2 1 1 1 1 1 1 1 1 1 1 1 1 1 1 1 1 1 1 1 	Neg
10 1 1 1 1 1 1 1 1 1 1 1 1 1 1 1 1 1 1 1 1 1 1 1 1 1 	Neg
11 12 12 1 1 10 11 1 10 10 10 1 1 11 10 1 10 10 1 12 1 10 1 	Neg
12 2 2 1 1 3 1 1 1 1 3 1 1 1 1 3 1 	Neg
6 12 7 7 6 1 7 1 6 12 6 4 7 2 1 12 7 	Neg
1 1 1 6 1 1 6 1 1 1 1 1 1 10 1 1 1 1 2 2 	Neg
3 3 2 1 3 2 1 2 1 1 2 10 2 1 2 2 	Neg
11 10 4 4 7 1 2 4 1 4 2 4 1 1 6 4 1 4 	Neg
2 1 1 1 2 1 1 1 1 2 1 2 2 1 1 1 2 1 1 2 	Neg
4 1 1 1 1 6 6 7 6 6 4 1 1 1 6 2 2 	Neg
1 1 1 1 1 1 1 1 1 1 1 1 1 1 1 1 1 1 1 1 1 	Pos
1 1 1 1 1 1 1 1 1 1 1 1 1 1 1 1 1 1 1 1 1 1 1 	Pos
1 6 6 1 1 2 1 2 1 6 6 1 1 6 6 4 4 1 6 	Neg
1 6 1 1 8 1 6 1 8 6 8 6 6 6 8 8 8 8 1 	Neg
1 2 1 1 2 1 10 10 10 13 1 1 2 1 1 2 1 1 1 1 1 1 13 1 	Neg
1 1 1 10 12 1 1 1 1 1 6 1 1 1 1 1 1 	Neg
4 2 1 2 1 2 1 2 1 1 1 1 1 2 4 3 10 1 10 1 1 1 1 1 1 	Neg
3 1 1 3 6 2 1 1 3 2 2 2 1 2 1 1 2 2 	Neg
6 1 1 6 6 9 13 1 5 6 1 2 1 6 6 1 9 6 1 9 6 1 6 1 1 	Neg
13 10 10 10 1 1 5 1 13 10 1 13 13 1 10 	Neg
9 1 1 6 6 1 1 6 6 1 1 1 1 10 1 6 6 6 	Neg
1 2 1 10 5 2 2 2 2 1 2 2 1 10 2 13 1 2 1 2 1 1 	Neg
10 1 9 1 10 1 6 9 1 11 11 10 1 1 11 11 1 1 10 1 1 1 11 10 1 	Neg
1 2 3 1 1 3 2 2 6 1 10 1 10 2 2 1 1 3 13 2 1 1 3 2 1 6 6 1 6 	Neg
2 1 1 2 12 1 1 10 4 4 1 1 4 1 4 4 12 1 4 	Neg
3 1 1 13 2 1 1 10 2 2 2 4 4 1 1 1 1 1 3 7 	Neg
13 1 1 4 4 1 13 1 2 1 10 1 2 1 1 1 1 13 10 1 4 1 1 1 1 	Neg
1 5 1 5 2 1 1 10 1 6 1 1 1 1 1 1 2 12 5 1 5 	Neg
7 7 6 1 1 1 1 6 6 1 1 1 1 7 1 1 	Neg
1 2 10 1 1 1 10 1 1 1 1 1 1 2 1 1 1 11 1 2 1 1 1 11 1 	Neg
1 1 1 1 1 1 10 1 1 1 2 1 1 2 1 1 1 10 10 1 1 2 1 	Neg
10 1 10 1 1 10 1 10 1 1 2 10 1 10 10 1 1 	Neg
10 1 1 1 1 1 1 3 10 1 1 9 10 6 1 1 10 1 	Neg
1 1 1 6 1 6 1 10 6 1 1 6 1 1 1 1 6 1 	Neg
1 1 1 1 2 2 1 1 1 1 3 1 1 3 1 2 1 1 1 1 6 	Neg
1 2 7 1 1 6 6 12 1 1 1 1 1 7 1 6 1 10 	Neg
1 1 2 1 1 6 1 2 9 1 1 1 2 1 1 1 2 6 1 	Neg
1 1 1 1 1 1 1 1 1 9 1 1 1 1 1 1 6 1 1 1 1 	Neg
1 1 6 1 1 1 1 1 1 1 1 1 1 1 1 1 1 1 1 1 1 	Neg
1 1 1 1 2 2 1 1 8 1 1 1 1 1 2 2 10 1 2 1 2 1 2 1 1 2 1 2 1 2 1 1 	Neg
2 9 2 6 9 9 9 6 5 9 1 5 1 5 5 1 	Neg
1 1 2 5 5 2 12 10 2 1 1 2 1 1 5 1 1 	Neg
1 8 1 6 1 1 8 1 1 1 8 8 6 	Neg
1 12 1 1 6 1 1 1 6 9 10 6 6 9 6 9 1 12 	Neg
1 1 1 1 1 1 1 1 1 1 1 1 1 1 1 1 1 1 1 1 1 1 10 1 1 1 1 	Neg
1 1 7 1 7 6 1 7 10 1 1 13 7 7 1 1 1 1 1 1 1 1 7 10 7 10 	Neg
8 6 1 8 6 6 8 1 6 6 6 8 6 6 1 	Neg
1 8 1 8 1 1 1 8 8 6 10 8 1 8 8 6 	Neg
2 3 1 1 3 1 2 1 1 1 1 1 1 1 1 1 1 3 1 	Neg
10 1 11 1 1 10 1 1 1 1 10 1 1 1 1 	Neg
8 1 9 1 1 2 6 2 1 1 2 1 13 10 8 1 2 	Neg
12 1 1 1 12 1 1 1 1 2 1 12 1 10 1 4 1 	Neg
12 1 1 1 2 1 1 1 9 2 6 1 1 1 	Neg
1 10 10 1 10 1 1 10 1 1 1 13 1 	Neg
1 10 2 2 12 1 1 1 1 1 5 1 1 1 1 5 1 10 2 12 1 1 1 1 1 1 1 	Neg
1 6 1 1 1 1 6 6 1 1 1 1 6 9 3 1 1 1 1 11 9 6 1 1 	Neg
1 13 1 10 13 3 13 13 6 1 1 13 13 13 2 10 13 3 1 1 	Neg
1 1 1 7 1 6 1 1 6 6 6 4 9 2 6 1 	Neg
2 1 1 2 1 1 1 1 2 1 2 1 2 1 1 2 1 2 1 2 1 1 1 1 	Neg
1 1 1 1 1 1 1 1 1 1 1 10 	Neg
10 10 1 11 1 1 1 1 1 1 1 1 1 1 1 1 1 1 1 1 1 11 1 	Neg
1 8 2 2 13 6 6 1 8 1 13 10 1 8 13 10 	Neg
2 1 11 1 10 2 6 10 10 2 1 1 11 10 10 2 8 1 1 	Neg
10 1 1 10 1 1 10 1 10 1 1 1 6 10 10 8 10 10 10 1 	Neg
10 1 1 1 1 10 10 1 1 1 10 10 1 1 2 10 1 1 10 	Neg
1 6 10 1 1 1 8 2 1 1 1 6 1 11 1 1 1 1 	Neg
2 1 1 1 1 1 1 1 2 1 1 1 1 1 1 2 	Neg
9 8 1 6 9 1 10 6 1 1 1 1 1 9 1 1 1 1 1 9 1 1 1 1 8 	Neg
1 2 1 1 1 1 1 1 1 1 1 1 1 1 1 1 1 1 1 1 	Neg
2 1 6 1 1 1 1 8 13 8 1 1 1 	Neg
1 1 12 12 2 1 1 1 1 1 1 10 10 1 5 2 10 1 5 1 2 10 2 	Neg
1 1 1 1 1 8 1 6 1 1 1 1 1 1 	Neg
1 1 1 1 1 1 1 1 1 1 1 11 12 1 1 	Neg
1 1 2 1 1 1 1 2 1 1 1 10 1 1 1 1 1 1 1 1 1 1 1 1 	Neg
1 2 1 7 8 1 1 1 1 1 1 1 1 1 6 1 1 1 1 1 1 1 	Neg
1 1 1 8 8 1 5 8 1 1 1 8 1 1 1 1 3 1 6 	Neg
10 10 11 1 1 11 10 12 1 12 6 11 11 11 10 10 10 1 11 10 1 	Neg
1 1 1 1 1 1 1 1 1 4 1 1 1 1 1 1 1 1 1 	Neg
6 10 6 6 10 1 1 6 6 6 6 13 13 1 1 1 1 13 1 1 6 10 1 	Neg
9 1 1 1 1 1 6 1 1 1 1 9 2 1 1 1 1 1 10 9 1 1 	Neg
1 1 1 1 5 1 1 1 1 1 1 1 1 1 1 1 8 	Neg
1 8 1 1 1 1 4 4 1 1 1 1 4 11 2 8 2 1 	Neg
1 1 1 1 1 1 1 1 1 6 1 1 1 1 1 1 1 1 10 	Neg
6 1 1 1 1 1 1 1 1 1 1 1 1 1 1 1 1 1 1 1 1 1 1 1 	Neg
1 1 1 4 1 1 8 1 1 1 8 1 2 1 1 1 1 1 1 1 1 4 8 1 1 8 	Neg
1 1 1 7 1 9 1 1 1 1 1 12 1 11 12 11 1 1 11 6 11 1 10 1 1 	Neg
1 10 10 1 5 11 1 4 1 10 4 1 1 1 1 1 1 10 1 1 1 1 1 11 	Neg
1 1 1 1 1 1 1 1 1 1 1 1 1 1 1 9 1 	Neg
6 8 1 8 1 6 1 1 8 2 8 6 6 6 6 1 1 1 5 6 1 1 	Neg
2 10 10 6 1 13 2 1 2 2 1 1 13 1 1 10 13 1 1 1 9 2 10 9 13 10 1 13 1 1 13 1 	Neg
6 1 1 10 2 1 10 1 1 1 10 11 10 11 11 1 1 2 1 2 1 1 2 1 1 	Neg
1 1 10 2 1 1 1 10 1 10 10 10 1 5 1 10 1 1 1 10 1 10 1 1 10 1 	Neg
1 1 1 1 1 10 1 6 1 1 1 1 1 1 1 1 1 1 1 1 	Neg
12 10 2 1 2 6 1 1 10 1 1 1 1 2 2 1 2 10 1 3 1 1 12 	Neg
1 6 1 1 1 1 1 1 1 1 6 1 1 6 1 1 6 1 6 	Neg
10 1 1 1 1 1 1 1 1 1 1 1 1 1 1 1 	Neg
1 1 8 10 6 1 1 8 2 13 10 1 1 13 2 1 2 1 2 2 	Neg
1 1 1 1 1 1 1 1 1 1 1 6 1 1 1 1 1 1 1 1 1 1 1 	Neg
5 1 1 1 2 1 1 1 1 1 1 1 1 2 1 1 1 1 1 1 1 1 1 	Neg
1 10 1 11 1 2 1 2 1 3 1 1 1 1 1 10 10 	Neg
1 1 13 1 1 2 1 2 1 6 1 1 2 1 1 1 1 1 2 1 1 1 1 1 1 1 	Neg
1 11 2 1 5 7 1 1 12 5 1 1 1 1 1 1 1 5 1 8 	Neg
1 1 1 1 1 1 1 1 1 1 1 13 1 1 1 10 4 1 7 1 1 1 1 10 	Neg
10 1 1 10 1 11 12 10 1 1 11 10 12 1 1 1 1 1 1 	Neg
1 1 1 1 1 1 1 1 1 4 9 6 6 1 6 1 1 	Neg
1 1 2 1 2 1 2 1 1 1 2 	Neg
7 1 1 1 6 1 7 1 1 2 1 5 1 6 1 1 7 	Neg
6 5 6 6 8 6 6 6 1 1 1 1 7 1 1 1 1 6 8 	Neg
9 1 8 6 6 6 9 6 1 1 1 6 1 1 6 1 8 1 1 1 1 1 6 6 	Neg
1 1 1 1 1 1 1 1 1 1 1 1 1 1 1 1 1 1 	Neg
6 2 6 1 1 6 1 1 6 1 1 2 8 6 6 8 1 6 1 6 8 1 1 1 13 8 	Neg
10 6 1 1 9 1 1 9 1 1 1 1 6 1 1 1 	Neg
10 1 10 1 1 6 1 9 1 6 2 1 1 1 1 1 4 1 1 1 12 5 12 10 1 1 8 1 	Neg
6 1 1 1 6 1 1 1 6 1 6 1 1 1 1 6 1 2 6 1 1 1 	Neg
1 7 7 6 1 1 10 1 1 1 6 6 1 1 1 1 1 1 1 	Neg
1 1 1 1 1 1 1 1 1 1 1 1 2 1 1 1 1 1 5 	Neg
10 2 1 1 2 6 1 1 1 1 1 13 1 6 10 1 10 1 1 	Neg
1 1 6 1 6 1 2 1 6 6 1 1 10 2 12 6 1 6 1 6 6 	Neg
1 1 8 1 6 1 1 8 1 1 6 1 1 1 1 1 6 1 1 1 	Neg
1 1 1 1 11 10 11 1 10 1 1 1 11 1 1 1 1 1 1 1 1 1 1 	Neg
10 1 1 1 2 6 6 6 6 1 1 4 12 1 	Neg
6 1 10 1 1 1 1 10 1 1 1 1 1 1 1 7 6 7 7 	Neg
1 1 10 13 1 4 1 2 2 2 1 13 10 2 1 1 10 12 1 	Neg
1 10 2 1 6 1 1 1 6 6 6 1 9 1 1 1 6 	Neg
1 1 1 1 1 1 1 1 1 1 1 1 1 10 1 6 1 1 6 1 1 	Neg
9 6 5 1 3 9 1 9 2 6 2 1 1 3 6 1 6 1 1 9 3 1 	Neg
4 7 6 1 4 13 1 13 1 10 1 1 6 10 6 1 1 1 4 1 1 10 1 1 2 13 	Neg
1 1 4 1 1 1 1 1 1 1 1 1 1 1 1 1 2 4 1 1 1 1 4 1 1 1 1 	Neg
1 13 2 2 5 1 1 1 10 1 5 2 1 1 5 	Neg
1 1 10 2 13 1 1 13 13 1 1 1 1 1 13 1 1 1 1 1 1 1 1 1 2 1 	Neg
1 3 1 1 1 1 2 1 1 1 1 10 1 1 1 1 1 1 1 1 1 1 	Neg
1 10 11 1 1 10 1 1 1 1 1 10 10 11 1 1 13 11 1 10 1 1 1 1 12 	Neg
6 6 12 12 1 1 1 2 6 12 1 1 12 1 1 12 1 10 12 1 2 1 	Neg
1 1 1 1 2 1 1 4 1 1 2 2 1 1 1 1 	Neg
1 1 2 1 1 1 1 6 1 1 1 1 1 10 1 1 1 1 1 1 1 1 1 1 	Neg
1 10 7 1 1 1 1 1 1 1 1 1 1 1 	Neg
1 1 1 13 1 1 1 1 13 1 13 1 1 1 1 1 1 1 1 13 1 1 1 	Neg
1 1 1 2 1 1 1 1 5 1 1 5 1 5 1 1 1 1 1 1 1 11 2 1 11 	Neg
2 1 2 1 2 1 2 1 1 2 1 1 7 2 1 1 1 2 1 1 1 	Neg
1 1 9 1 9 6 9 1 1 6 1 9 1 9 9 1 9 1 9 9 	Neg
1 1 6 6 1 1 1 6 6 6 9 1 9 1 1 9 2 1 1 1 1 1 	Neg
1 1 6 2 1 6 1 1 7 6 4 6 6 6 6 6 6 	Neg
2 1 3 1 3 2 5 1 3 1 1 7 6 1 1 3 1 	Neg
1 10 2 1 1 1 1 8 2 1 1 1 1 1 1 10 1 1 1 	Neg
1 1 10 12 12 1 10 1 12 1 1 1 10 12 12 12 12 	Neg
1 6 1 1 1 1 6 1 2 1 2 1 5 5 1 1 6 1 1 1 1 1 	Neg
1 1 1 1 1 1 1 1 1 1 1 1 1 1 1 1 1 1 1 1 1 1 	Pos
1 1 1 1 10 10 1 1 1 1 1 10 1 1 1 	Neg
1 10 11 10 8 10 12 10 	Neg
1 1 1 1 1 1 1 1 10 1 1 1 1 1 10 11 1 1 1 10 10 1 1 	Neg
1 1 2 1 1 3 1 6 1 10 1 1 3 6 2 1 1 1 1 1 8 3 3 	Neg
2 2 1 1 1 1 1 1 1 1 1 1 2 1 1 1 10 1 1 1 1 8 	Neg
1 1 1 1 1 1 1 1 1 1 1 1 1 1 1 1 1 1 1 1 	Pos
10 8 1 1 1 1 1 1 1 1 10 1 1 1 12 10 1 	Neg
1 1 10 1 9 2 9 2 1 1 1 	Neg
1 2 1 1 2 1 2 2 2 2 1 1 1 1 1 1 1 1 1 1 	Neg
2 6 2 1 6 4 1 6 1 1 6 1 	Neg
5 1 5 10 5 1 2 2 1 10 2 2 1 1 2 8 2 	Neg
1 4 4 1 2 4 1 4 2 4 1 2 6 9 1 	Neg
11 1 1 1 1 1 1 1 1 6 1 1 1 1 1 1 	Neg
12 1 10 1 1 12 10 5 12 1 10 1 1 12 1 1 10 10 	Neg
1 1 1 1 1 10 1 1 1 1 1 1 10 1 1 1 1 1 	Neg
10 1 1 6 10 10 10 10 1 10 2 1 10 1 2 12 10 12 10 1 10 	Neg
1 9 9 1 9 1 1 1 1 1 1 1 1 6 1 1 6 1 1 1 1 1 6 1 1 1 	Neg
1 1 6 1 1 7 1 6 7 1 1 1 1 7 1 1 1 6 1 1 1 7 1 	Neg
1 6 8 6 6 12 1 1 1 8 1 1 6 6 8 10 1 1 6 6 	Neg
2 1 1 1 2 1 1 1 1 1 1 2 1 2 1 2 1 1 1 1 2 1 	Neg
1 1 1 1 1 1 6 1 1 1 1 1 1 1 1 1 1 1 1 1 6 1 8 1 1 8 1 6 	Neg
6 10 1 6 6 6 2 6 8 6 1 10 6 6 8 5 2 8 1 8 6 	Neg
10 1 1 12 1 10 1 1 1 1 12 10 1 1 12 1 1 1 12 	Neg
1 1 1 2 1 1 6 1 1 1 1 1 2 1 1 	Neg
1 2 10 1 1 1 1 1 1 5 5 5 	Neg
10 1 1 1 1 1 1 1 1 1 1 1 2 1 3 1 1 1 1 1 1 1 3 3 1 1 1 1 2 10 	Neg
1 1 10 1 1 1 6 9 1 3 1 1 6 1 	Neg
10 11 1 1 1 10 1 6 1 1 1 1 1 6 1 1 1 1 1 1 6 6 6 	Neg
1 1 1 10 1 1 1 1 10 10 10 10 10 1 10 10 10 1 	Neg
10 1 10 1 1 10 1 1 1 1 1 12 1 10 10 10 10 1 10 1 1 1 	Neg
1 1 1 6 1 1 1 1 1 1 1 1 1 1 1 1 1 1 1 1 1 1 1 	Neg
10 1 10 1 1 10 2 1 2 4 1 7 12 	Neg
6 6 6 1 1 1 1 6 	Neg
1 1 1 1 1 1 1 1 1 1 1 1 1 1 1 1 1 1 1 1 1 1 	Neg
1 1 10 10 1 10 1 10 10 10 6 1 10 10 10 1 1 1 1 10 	Neg
1 1 1 1 1 3 1 1 1 3 6 5 1 2 1 1 1 1 2 1 1 	Neg
1 1 1 1 1 1 1 1 1 1 1 1 1 1 1 1 	Neg
1 1 10 1 1 1 1 10 1 1 1 1 1 1 1 1 1 1 1 1 1 	Neg
12 1 7 1 1 1 1 1 12 1 1 6 12 12 12 10 1 10 1 10 12 1 1 12 1 1 	Neg
1 1 6 6 1 6 1 6 9 7 1 6 7 1 1 1 	Neg
1 1 1 1 1 1 6 1 1 1 6 6 1 1 6 6 1 1 	Neg
6 7 6 7 7 7 1 7 7 7 1 1 6 6 7 6 1 1 6 	Neg
1 1 1 1 1 1 1 1 11 1 1 1 1 1 1 1 1 1 1 1 	Neg
1 1 1 1 10 1 11 10 1 1 1 1 	Neg
1 1 1 13 13 1 10 1 1 1 1 13 1 10 13 1 1 1 10 10 	Neg
1 1 1 1 2 2 1 1 1 4 1 1 4 1 2 2 1 2 	Neg
1 1 11 1 1 1 1 1 1 1 1 1 10 10 10 1 1 1 1 1 1 1 	Neg
1 1 1 1 1 2 1 1 1 2 2 1 1 1 1 1 1 1 4 	Neg
2 10 10 1 12 6 1 12 1 12 10 1 10 1 	Neg
1 1 1 1 1 1 5 1 1 5 1 1 1 2 1 1 1 1 10 1 	Neg
1 10 1 1 1 5 2 1 1 1 1 1 1 1 1 1 1 	Neg
1 1 1 1 6 1 1 1 1 1 1 1 1 6 1 1 6 1 1 1 1 1 1 	Neg
1 1 4 2 1 2 1 1 1 1 1 1 1 1 1 2 	Neg
1 1 1 1 1 1 1 1 1 1 1 4 1 	Neg
6 10 1 1 1 10 6 1 1 10 10 1 1 11 9 1 11 1 	Neg
1 1 6 4 6 1 2 2 4 1 1 1 4 1 6 1 4 2 1 2 6 1 	Neg
1 1 1 1 1 11 13 1 1 10 13 1 10 12 1 	Neg
1 6 1 1 1 6 1 1 1 1 8 1 1 8 1 1 6 1 1 1 1 1 1 8 1 8 1 1 1 	Neg
10 1 10 10 10 10 10 1 10 1 11 1 1 10 10 10 1 1 10 1 1 1 10 10 	Neg
3 6 1 1 1 1 2 1 2 9 1 9 1 3 1 	Neg
1 1 1 1 1 1 1 1 1 1 4 10 1 	Neg
1 1 1 1 1 1 1 3 1 1 	Neg
1 1 1 1 1 1 1 1 1 1 2 1 1 5 6 1 	Neg
1 9 6 10 6 10 1 1 1 1 1 6 9 9 9 1 1 1 6 	Neg
1 10 11 10 1 1 1 11 10 1 1 5 1 1 10 1 1 1 11 1 1 1 1 1 	Neg
7 7 1 1 1 9 1 1 1 1 1 1 1 	Neg
2 2 1 10 10 1 2 1 1 1 1 10 1 12 1 2 1 2 1 1 	Neg
1 1 10 1 1 1 1 1 10 10 10 1 10 1 1 10 10 1 1 10 1 10 1 1 10 1 	Neg
1 1 7 6 7 1 6 6 6 7 1 7 1 6 6 2 1 6 7 6 1 4 	Neg
10 1 1 12 10 9 1 6 1 1 10 1 1 9 1 1 10 1 	Neg
1 1 10 10 10 10 1 10 1 1 1 1 1 10 1 1 	Neg
1 1 5 1 5 2 1 2 1 1 1 1 1 5 1 5 1 5 1 1 1 1 1 10 1 2 10 	Neg
1 1 10 1 10 6 10 1 1 1 2 1 1 1 1 1 1 1 1 1 1 6 2 	Neg
1 6 6 1 1 1 1 1 1 9 1 1 1 1 1 6 6 9 1 1 1 1 	Neg
12 2 1 10 1 1 1 2 1 1 10 12 1 10 10 2 10 1 1 1 	Neg
1 1 1 1 1 1 13 1 11 4 1 1 1 1 	Neg
9 1 1 1 6 1 9 6 1 1 6 1 1 1 1 1 1 1 1 1 9 	Neg
1 6 1 1 1 1 1 1 2 	Neg
1 1 1 1 1 1 1 1 2 1 1 1 1 1 1 1 1 1 1 1 1 1 1 1 	Neg
1 1 1 1 1 1 1 1 9 1 1 1 1 1 1 9 1 1 1 1 1 1 1 	Neg
1 10 1 1 10 10 1 1 2 1 13 10 1 10 1 	Neg
9 9 9 6 1 6 1 1 1 9 1 1 1 1 	Neg
1 1 1 1 1 10 1 8 1 1 1 2 13 1 1 1 1 1 13 	Neg
1 1 10 10 1 1 10 1 10 1 1 2 1 1 6 1 1 10 	Neg
13 1 1 1 1 1 13 10 1 13 13 1 13 1 10 1 1 10 10 	Neg
2 1 6 2 1 2 5 5 3 1 1 6 1 9 1 1 9 2 	Neg
1 1 10 10 10 1 1 10 1 1 11 12 10 6 1 12 	Neg
1 2 1 1 1 1 1 2 1 1 1 1 1 3 	Neg
1 1 1 7 1 5 1 1 2 7 1 1 1 1 5 	Neg
6 1 1 1 2 1 1 6 1 1 1 1 1 2 1 6 6 1 6 1 	Neg
10 10 1 1 1 11 1 1 1 10 10 10 1 1 1 	Neg
1 1 10 1 1 1 1 1 1 10 1 1 1 1 1 1 1 1 	Neg
1 1 1 1 1 1 1 1 1 1 1 1 1 1 9 1 1 	Neg
1 1 1 2 1 5 1 2 1 1 1 2 1 1 1 1 1 1 1 	Neg
1 9 1 1 6 2 1 1 1 1 1 6 1 1 5 1 9 1 1 1 1 	Neg
2 1 5 2 1 1 1 1 1 1 5 1 1 	Neg
6 13 10 6 6 1 6 1 6 7 1 1 10 1 1 	Neg
1 9 6 1 9 1 1 9 9 6 6 6 1 1 6 9 1 	Neg
1 1 1 6 1 1 1 1 1 	Neg
1 9 1 1 1 1 6 6 12 1 1 1 1 1 1 1 1 6 1 	Neg
1 1 1 1 1 1 1 1 1 1 1 1 1 2 1 1 11 	Neg
1 1 1 1 1 1 1 1 1 6 1 1 2 1 2 1 1 1 1 1 	Neg
1 1 1 1 2 1 1 1 1 1 1 1 1 1 1 	Neg
1 5 1 1 1 1 1 5 2 1 5 1 6 1 5 1 1 1 1 1 1 10 	Neg
2 4 1 1 11 1 10 11 1 1 1 10 11 2 1 1 4 	Neg
1 1 9 10 1 6 6 10 11 1 1 1 6 1 11 1 6 11 1 9 10 1 	Neg
6 1 1 6 1 1 6 1 1 1 1 11 1 	Neg
6 12 10 1 10 10 6 6 9 6 12 1 1 9 1 1 5 9 6 1 1 6 1 9 6 	Neg
1 1 9 1 1 1 1 10 1 2 6 1 1 1 1 9 1 1 10 1 	Neg
1 1 1 13 1 1 2 1 1 1 1 1 1 1 	Neg
1 3 1 1 1 3 3 1 3 1 3 8 1 2 1 1 1 3 3 1 3 2 	Neg
1 1 2 1 6 6 6 6 1 1 1 1 1 1 1 6 3 6 6 6 	Neg
5 3 5 5 1 6 3 2 10 9 2 6 3 1 1 1 1 1 2 2 2 1 3 3 1 2 3 2 	Neg
2 6 5 5 1 6 2 5 10 2 6 1 7 	Neg
1 1 1 1 10 1 1 1 10 1 1 10 1 1 1 10 1 1 7 1 2 10 4 1 10 1 1 	Neg
2 10 2 1 1 3 2 1 1 1 1 	Neg
1 2 2 1 10 1 1 3 2 3 3 	Neg
1 1 6 1 1 5 1 1 1 4 6 1 1 9 6 1 1 1 10 	Neg
1 1 7 1 6 1 6 6 7 10 1 10 6 1 1 	Neg
1 2 2 2 2 1 1 2 10 1 1 3 2 3 3 10 1 2 10 2 3 1 1 1 10 1 2 10 	Neg
2 1 1 1 1 1 1 1 1 1 2 1 1 1 2 1 1 1 1 4 1 1 1 	Neg
12 1 1 6 1 1 1 1 6 6 6 1 1 1 8 1 1 1 1 8 1 1 1 1 1 	Neg
2 1 1 1 1 2 1 1 2 1 2 1 4 4 4 4 1 1 1 2 1 2 	Neg
1 1 1 1 1 1 1 1 1 1 1 1 1 1 1 1 1 1 1 1 1 1 1 6 1 1 	Neg
1 4 6 4 6 6 1 2 1 2 2 1 10 1 1 	Neg
1 2 6 1 1 1 1 6 6 8 2 6 1 6 	Neg
1 1 1 1 1 1 1 1 11 1 1 1 1 1 1 12 1 1 1 	Neg
1 10 1 1 1 4 1 11 1 1 1 2 1 11 1 4 2 	Neg
12 10 12 1 1 1 1 12 2 10 10 10 6 1 1 1 1 12 10 6 1 3 	Neg
1 2 2 1 1 1 1 1 1 1 1 1 1 2 1 1 12 1 	Neg
1 1 6 1 6 8 6 1 1 6 8 1 1 	Neg
2 1 13 2 1 1 9 1 2 1 2 1 10 1 1 2 2 2 9 	Neg
2 6 1 2 1 1 13 4 1 2 1 1 13 1 13 6 1 4 1 13 4 1 	Neg
1 6 6 1 1 1 6 1 1 1 1 1 1 9 1 1 10 1 1 1 6 	Neg
1 8 8 8 1 1 1 6 6 8 6 1 8 1 1 10 1 1 	Neg
1 1 2 1 3 3 1 1 1 3 2 1 1 1 1 3 1 1 3 1 1 1 1 1 1 1 	Neg
1 6 1 1 3 1 1 2 2 11 1 1 1 1 1 1 1 1 3 	Neg
1 4 4 2 2 6 1 2 4 1 2 2 	Neg
1 1 6 6 1 9 1 1 1 1 1 1 9 1 6 1 1 1 	Neg
9 1 1 1 1 10 1 1 1 1 1 9 1 9 1 1 1 1 	Neg
1 1 1 2 2 2 2 2 2 12 2 1 6 1 1 2 6 2 9 1 	Neg
1 1 1 1 1 1 1 1 1 1 1 1 1 1 1 1 1 	Pos
11 1 6 1 11 1 1 1 1 7 1 1 1 1 1 6 1 1 6 1 6 	Neg
3 10 1 11 13 1 1 13 10 1 1 1 1 1 10 10 1 	Neg
1 2 2 6 1 2 6 1 3 3 1 8 8 2 2 1 1 1 3 1 1 1 1 1 	Neg
1 1 1 1 1 1 1 1 1 1 1 1 1 1 1 1 1 1 1 	Neg
12 1 10 1 10 1 12 1 1 10 1 1 10 10 2 10 10 12 4 1 10 1 1 10 6 	Neg
1 6 1 1 1 1 1 1 2 1 1 1 1 1 1 1 1 1 1 	Neg
6 1 5 9 1 2 1 1 1 1 2 1 5 1 2 1 1 1 1 1 1 1 	Neg
1 10 1 1 1 1 1 10 12 1 1 1 1 1 1 1 1 	Neg
1 1 1 1 1 1 4 1 1 1 1 4 1 2 1 1 1 1 	Neg
12 1 6 1 6 1 1 12 10 12 1 12 10 9 1 1 10 10 12 	Neg
1 1 10 10 1 1 1 1 13 1 1 1 1 1 13 1 2 1 	Neg
1 1 1 1 1 1 10 1 1 1 1 1 1 10 1 1 1 1 1 1 	Neg
1 1 7 1 1 1 7 1 1 1 1 6 1 1 1 	Neg
6 1 11 12 1 10 1 1 1 12 1 10 1 10 11 1 10 10 1 5 10 10 11 10 1 11 	Neg
1 1 2 2 2 1 2 1 1 11 1 1 11 1 2 7 1 1 2 7 2 	Neg
1 1 1 1 1 1 1 1 1 1 1 1 1 1 1 1 1 1 1 1 	Pos
1 6 8 1 1 6 8 6 1 1 1 1 3 1 1 8 8 1 8 8 1 1 8 1 1 1 	Neg
3 1 1 1 1 1 2 1 1 1 1 1 1 2 	Neg
1 1 11 10 10 7 10 11 10 11 11 1 10 11 11 11 11 10 10 1 	Neg
12 1 10 1 1 12 2 12 1 1 1 10 1 	Neg
1 5 1 1 1 1 13 1 1 1 1 1 1 1 1 1 1 13 10 1 1 	Neg
10 13 1 1 2 1 10 1 10 10 1 1 13 2 10 2 10 10 1 1 13 2 2 1 1 10 13 10 10 13 1 10 	Neg
1 11 1 1 10 1 10 11 1 1 1 11 1 1 11 1 1 	Neg
1 1 8 9 2 1 6 1 2 2 2 6 1 2 6 6 1 8 1 9 	Neg
1 1 10 1 6 1 1 1 8 1 1 2 1 1 1 5 1 2 1 1 	Neg
1 1 1 1 1 1 1 2 1 1 1 1 1 1 1 1 1 1 1 1 1 	Neg
6 7 6 1 1 6 1 1 1 10 6 6 1 1 1 1 1 3 1 1 13 3 2 7 1 6 	Neg
2 1 1 1 1 1 1 6 2 2 1 1 2 6 2 6 3 6 1 1 2 2 1 	Neg
1 10 1 13 1 1 10 1 13 2 1 1 1 3 10 	Neg
1 1 2 1 1 6 2 2 2 1 1 2 1 1 1 1 1 2 2 1 1 1 1 	Neg
1 1 1 9 1 9 1 9 1 1 1 9 6 1 1 1 6 9 1 1 1 1 9 1 	Neg
2 6 1 4 1 2 1 1 1 9 2 6 1 2 6 4 6 1 6 1 1 1 	Neg
2 1 1 2 4 1 4 1 4 2 3 2 1 1 1 10 1 1 	Neg
1 1 1 1 1 5 1 1 1 1 1 1 1 1 1 1 1 1 	Neg
1 1 3 1 1 3 1 1 1 10 11 1 1 3 10 10 1 	Neg
10 1 3 1 1 1 10 11 13 1 3 1 12 1 1 1 10 1 1 10 	Neg
1 1 1 13 1 13 1 1 1 1 1 1 1 1 1 2 10 1 10 1 13 	Neg
1 1 1 1 1 1 1 1 1 1 1 1 	Pos
1 12 1 12 1 1 1 1 1 10 12 1 1 1 1 1 1 2 1 12 4 	Neg
1 2 2 8 1 1 8 8 2 8 1 1 1 2 1 6 2 1 2 	Neg
8 1 6 1 1 6 6 6 8 1 1 8 1 1 8 	Neg
1 10 1 1 1 1 1 1 10 1 10 10 1 10 1 10 10 10 10 10 1 	Neg
1 1 1 5 2 1 2 2 1 5 2 1 2 1 2 2 1 2 1 1 5 5 	Neg
5 2 1 1 1 1 1 1 1 1 1 1 	Neg
1 1 1 1 1 1 1 1 1 1 1 1 1 1 1 8 2 1 1 6 1 1 1 	Neg
2 6 1 6 1 1 10 2 1 1 1 1 1 1 1 2 1 1 2 9 1 1 1 6 2 9 	Neg
1 1 1 1 5 2 1 1 1 1 1 2 1 1 1 1 2 2 1 8 1 1 1 	Neg
2 1 10 1 2 1 1 1 1 1 1 1 1 1 1 2 1 	Neg
2 3 2 4 1 3 1 3 1 1 1 3 1 2 1 2 2 1 1 	Neg
6 1 1 2 2 1 2 6 7 1 1 2 6 6 6 3 1 	Neg
13 1 2 2 6 1 10 3 10 10 2 1 1 1 1 1 1 10 10 1 1 3 1 3 	Neg
2 2 1 1 8 1 8 1 8 6 	Neg
1 7 1 1 1 1 1 1 1 1 1 	Neg
1 10 1 1 10 10 1 2 1 1 10 1 1 1 1 1 1 10 	Neg
10 1 9 10 1 9 1 1 1 1 9 1 1 6 1 6 1 10 1 9 6 9 9 1 	Neg
1 10 1 1 1 1 1 10 1 1 1 1 1 1 1 10 10 	Neg
1 1 11 1 9 6 6 1 6 1 6 9 10 10 10 1 10 9 6 6 9 10 	Neg
1 1 1 1 1 1 1 1 1 1 1 1 6 	Neg
4 2 4 2 1 4 1 4 1 1 1 4 2 2 1 2 2 1 4 1 	Neg
8 10 6 1 12 1 1 1 1 1 1 1 1 8 1 1 6 1 6 	Neg
1 1 5 1 5 5 1 1 5 1 9 9 2 1 6 1 	Neg
1 1 1 2 1 2 1 1 1 1 2 1 1 2 1 1 1 7 2 1 6 6 	Neg
1 1 1 2 1 1 1 1 1 1 10 1 	Neg
1 1 2 6 6 1 1 1 1 1 1 3 1 1 1 1 1 6 	Neg
1 1 1 1 1 1 2 3 1 1 1 1 1 1 1 1 2 1 1 1 1 1 1 	Neg
10 1 11 10 11 1 10 1 1 1 10 10 1 11 11 1 11 1 11 1 1 1 	Neg
10 1 1 11 10 10 1 1 1 1 11 1 1 1 1 1 11 1 1 1 2 1 	Neg
1 13 10 10 1 10 13 11 10 6 10 1 1 10 10 11 11 1 1 13 1 1 1 1 1 1 10 11 11 1 1 1 6 	Neg
1 1 6 1 1 1 1 1 6 1 2 1 10 1 6 1 4 1 1 1 13 6 	Neg
6 1 1 1 1 1 6 6 1 1 6 1 6 1 1 6 1 1 1 1 	Neg
1 1 1 1 10 1 1 1 1 1 1 13 1 1 10 1 3 1 10 13 10 10 9 1 1 	Neg
10 1 6 1 1 6 1 10 1 10 10 1 1 8 11 1 1 1 1 6 12 1 1 10 12 10 	Neg
8 10 1 6 1 1 8 1 8 1 1 10 1 1 6 1 1 1 	Neg
1 1 2 1 1 6 1 1 6 1 6 6 1 6 6 6 1 6 6 7 1 6 6 6 1 1 	Neg
10 1 1 10 11 1 11 10 10 12 12 1 1 1 1 	Neg
13 1 1 1 1 1 1 1 1 1 1 1 1 1 1 1 	Neg
1 3 1 1 2 1 3 3 2 2 1 3 2 3 1 1 1 2 9 1 	Neg
1 10 1 1 1 13 1 2 1 1 1 1 13 13 	Neg
1 1 1 1 1 1 2 1 1 1 1 1 1 1 1 1 1 1 3 1 1 1 1 1 1 	Neg
1 1 1 1 1 1 1 1 1 1 5 1 1 1 1 1 1 1 1 1 1 	Neg
1 1 6 1 6 6 6 6 6 1 6 7 1 6 1 7 6 7 1 6 1 6 	Neg
1 1 7 4 2 4 1 2 4 1 1 4 10 10 4 2 7 	Neg
1 1 6 6 8 1 8 6 6 10 8 8 8 8 8 1 1 1 6 1 1 	Neg
1 2 1 1 1 1 1 	Neg
1 5 7 6 1 1 6 6 6 7 6 6 7 1 6 7 2 6 1 1 1 5 6 6 1 1 	Neg
1 1 1 11 1 1 8 11 1 1 11 1 10 1 1 11 1 1 1 10 1 1 10 1 1 1 1 11 	Neg
1 1 6 1 1 1 6 1 1 6 1 1 7 1 1 6 1 1 1 1 1 1 1 1 1 	Neg
1 1 1 6 1 1 1 5 1 9 9 1 6 10 1 9 1 1 2 10 1 1 2 	Neg
1 1 2 1 1 6 1 1 1 1 7 6 10 1 10 2 1 1 1 10 1 7 1 1 1 	Neg
1 1 1 1 1 1 1 1 1 1 1 1 1 1 1 1 1 1 1 5 1 1 1 1 1 1 1 1 1 1 1 	Neg
1 2 5 10 1 5 5 1 1 1 1 1 5 	Neg
1 1 1 1 1 1 1 1 1 2 1 6 1 1 1 10 10 1 	Neg
1 12 1 1 1 1 1 1 1 1 1 1 1 1 1 1 6 1 1 1 1 1 1 1 1 1 	Neg
10 10 1 6 12 1 1 1 1 10 1 6 1 	Neg
6 1 1 6 1 1 1 2 1 1 12 1 10 5 8 10 1 	Neg
13 10 1 1 1 10 1 1 1 1 1 1 10 1 1 12 1 1 	Neg
1 1 1 1 1 1 1 1 1 10 1 1 1 1 1 10 1 	Neg
1 1 6 1 1 6 7 1 6 1 6 6 1 	Neg
1 1 1 1 11 1 1 1 1 1 1 1 1 1 1 1 11 1 1 1 1 1 1 1 	Neg
1 6 1 1 1 12 1 1 10 5 1 12 1 1 1 6 1 1 1 1 10 9 	Neg
7 4 1 1 1 2 1 6 2 13 6 2 13 1 5 1 13 3 2 1 1 2 9 2 2 4 6 1 4 2 	Neg
1 1 13 1 9 1 9 1 13 1 1 6 1 1 1 1 1 2 9 9 10 1 1 	Neg
1 1 1 1 2 1 2 1 1 1 1 1 1 1 1 1 2 1 1 1 	Neg
1 1 1 1 1 1 1 1 3 8 1 1 8 10 6 1 1 1 1 3 1 1 1 	Neg
1 1 10 1 1 1 1 1 1 1 10 1 1 1 1 1 1 	Neg
1 1 1 1 1 1 8 10 1 1 1 8 1 12 8 1 10 1 8 1 	Neg
6 1 1 1 1 1 6 9 6 6 6 1 6 1 6 1 6 1 9 6 	Neg
1 1 1 4 1 1 4 4 2 2 1 2 1 4 2 1 4 1 1 	Neg
6 1 12 12 12 1 2 7 9 1 6 5 1 9 6 6 6 6 9 1 	Neg
10 1 11 6 1 8 6 1 8 11 1 1 8 1 6 6 1 12 1 1 1 1 11 	Neg
10 6 1 1 6 10 1 1 10 1 10 1 1 7 1 1 1 1 	Neg
3 1 1 2 1 1 5 1 2 1 1 1 1 2 3 4 1 1 1 4 1 1 1 	Neg
1 1 3 3 1 1 2 3 1 1 1 3 1 2 1 1 3 1 1 	Neg
1 13 1 1 1 1 1 1 10 1 10 1 10 10 10 1 10 1 10 13 13 10 13 6 1 13 10 10 13 	Neg
2 2 2 2 3 2 3 1 1 3 2 2 3 2 2 	Neg
1 8 2 2 8 6 1 6 2 1 6 6 2 7 8 1 1 8 1 1 1 1 1 	Neg
1 1 1 1 1 6 1 9 1 1 9 1 1 1 1 1 1 1 	Neg
6 1 5 1 6 1 6 9 9 1 1 6 6 1 1 1 1 1 1 6 1 	Neg
1 12 1 1 10 1 1 1 1 1 10 1 1 1 1 1 1 1 1 1 1 1 1 12 	Neg
10 10 13 1 10 1 10 1 11 13 1 11 1 1 11 10 10 10 11 10 10 11 1 10 6 1 11 1 	Neg
10 1 5 5 1 2 5 1 1 1 1 5 1 2 1 1 	Neg
1 2 12 10 10 1 12 1 1 9 1 1 10 1 10 13 1 13 1 	Neg
5 1 1 5 10 5 5 1 5 1 1 2 1 10 1 7 1 	Neg
3 10 10 1 1 12 1 1 10 10 1 1 12 10 12 12 1 1 12 12 10 1 	Neg
9 1 3 1 1 1 1 8 2 8 1 6 9 8 6 1 1 1 1 	Neg
1 1 1 1 1 1 1 1 1 1 1 1 1 1 1 1 1 1 1 	Pos
1 1 1 1 11 1 1 1 1 1 1 1 1 1 1 11 	Neg
1 1 10 6 1 1 13 1 1 10 10 6 1 1 1 1 10 1 10 	Neg
1 2 1 1 3 1 8 1 2 1 2 1 10 1 1 2 1 1 1 1 1 1 13 1 1 6 2 3 	Neg
1 13 1 13 4 13 13 1 13 1 10 10 1 13 10 10 6 13 13 6 10 10 10 13 10 1 	Neg
1 10 1 1 1 1 6 6 1 10 1 1 1 10 1 1 1 6 1 6 	Neg
1 1 1 1 1 1 1 1 1 1 1 1 1 1 1 1 1 1 1 	Neg
1 1 1 2 4 4 1 1 2 1 4 4 2 1 10 1 	Neg
1 1 5 1 10 1 1 6 1 1 10 1 10 1 1 1 2 2 1 10 5 1 2 	Neg
1 1 2 1 6 2 1 1 1 1 1 1 1 2 2 1 1 1 3 	Neg
6 2 1 1 10 12 1 2 1 4 12 1 1 2 	Neg
1 8 10 1 1 1 6 10 1 1 1 1 1 6 1 6 1 1 1 1 6 8 1 	Neg
7 1 1 1 1 1 1 1 1 1 1 1 1 1 10 1 1 1 1 1 1 1 	Neg
1 1 1 1 1 1 1 1 1 1 1 1 1 1 1 1 7 	Neg
1 2 1 1 1 1 1 1 1 1 1 1 1 1 3 1 1 1 6 1 2 1 1 1 1 1 1 	Neg
2 8 3 8 10 1 12 1 1 1 2 1 1 3 10 2 3 1 10 10 3 1 1 1 3 1 	Neg
1 1 7 1 7 10 7 1 1 1 1 1 1 1 1 1 1 1 1 	Neg
11 1 11 10 1 1 1 1 1 10 2 1 10 1 1 11 11 1 11 10 11 10 1 1 1 10 10 1 11 5 1 	Neg
12 12 1 1 12 1 3 1 1 1 10 1 1 1 1 1 1 1 1 1 1 1 1 1 2 1 1 	Neg
2 2 1 1 1 1 10 1 1 1 1 1 1 1 1 11 1 10 10 	Neg
1 1 3 1 1 1 13 1 13 9 1 1 6 10 1 1 1 1 1 6 	Neg
1 1 1 1 1 1 1 1 1 1 1 1 1 1 1 2 1 1 1 4 2 1 	Neg
1 11 1 1 5 5 11 1 1 6 10 10 1 2 1 2 11 1 1 1 1 2 2 	Neg
1 5 6 1 1 5 6 1 5 1 6 1 1 	Neg
1 2 2 1 1 1 1 1 5 2 1 1 1 5 2 1 10 1 1 	Neg
1 2 1 2 1 1 3 2 1 2 2 2 2 	Neg
13 1 1 6 13 1 10 1 13 1 1 1 7 1 13 2 13 1 	Neg
5 11 1 10 1 1 6 2 5 1 1 5 10 5 1 10 5 1 1 10 	Neg
1 1 1 6 7 6 1 1 7 1 1 1 1 2 1 1 6 1 1 1 1 1 1 1 4 7 	Neg
1 1 6 4 4 1 2 6 9 1 1 1 1 4 1 2 	Neg
1 3 3 2 7 1 1 1 3 1 1 1 1 3 1 6 1 3 1 2 	Neg
1 8 1 6 1 1 6 1 1 1 1 1 1 10 6 10 2 1 1 8 1 10 8 10 1 1 6 6 7 	Neg
4 10 11 11 1 4 11 1 11 1 11 1 1 1 2 1 1 1 	Neg
1 1 3 1 2 2 2 1 11 11 1 1 2 1 1 4 1 1 1 1 1 11 	Neg
1 10 1 8 10 1 1 10 10 1 1 8 10 8 8 10 2 6 10 10 10 6 10 8 1 10 1 1 6 8 8 	Neg
11 1 1 1 10 1 1 1 10 1 1 3 10 1 2 11 	Neg
1 1 6 6 1 6 1 1 1 1 1 1 7 6 1 6 7 7 1 12 1 1 1 1 	Neg
1 1 1 1 1 1 1 10 1 1 1 1 1 1 1 1 1 	Neg
3 1 10 1 10 1 10 2 4 4 1 1 10 	Neg
6 1 1 1 1 1 2 1 1 2 1 6 1 1 1 	Neg
10 1 1 2 10 10 13 10 13 13 13 1 10 1 10 13 10 10 13 4 1 10 	Neg
10 1 1 7 1 11 6 1 1 1 2 10 2 1 1 1 	Neg
1 10 1 1 7 5 1 1 1 6 5 1 1 6 6 1 7 6 7 10 1 	Neg
1 10 1 1 1 1 8 7 1 1 6 11 12 1 8 1 8 10 1 1 1 1 1 	Neg
1 1 1 10 1 1 1 1 12 1 1 1 1 1 1 1 12 1 1 1 1 1 1 1 	Neg
1 11 1 6 1 10 11 10 1 11 11 11 10 1 11 1 1 9 1 	Neg
1 1 10 1 1 6 10 1 5 10 11 6 1 1 5 4 2 1 1 5 10 1 	Neg
1 1 1 6 4 6 1 1 1 1 6 1 1 1 1 1 1 1 	Neg
1 10 1 10 10 1 1 1 1 1 1 1 	Neg
1 1 3 3 1 2 2 3 1 3 2 3 2 1 2 1 2 2 1 1 2 3 1 1 3 2 2 	Neg
11 10 1 1 1 4 10 1 11 1 10 11 1 	Neg
1 2 2 2 1 2 1 1 3 2 3 1 1 3 2 2 3 3 2 	Neg
1 1 1 1 1 5 1 1 2 5 2 1 13 1 1 6 	Neg
10 1 10 1 1 10 1 1 1 1 1 1 1 10 	Neg
1 1 1 1 13 13 1 1 1 1 1 1 1 1 1 13 13 1 1 	Neg
1 1 1 1 1 1 7 1 1 1 10 1 10 1 1 1 1 7 1 1 10 1 1 1 1 	Neg
10 1 1 1 1 1 1 1 1 1 1 1 1 1 1 1 1 1 1 1 10 1 1 1 	Neg
1 1 2 1 1 1 10 10 1 11 10 1 1 11 5 5 5 1 	Neg
13 1 1 1 10 1 1 1 1 10 1 10 1 1 1 1 1 1 1 1 1 1 	Neg
1 1 1 1 1 7 2 6 1 2 2 6 6 1 6 6 1 1 2 1 6 6 	Neg
1 6 1 7 1 7 6 6 6 6 6 6 7 1 6 6 7 1 1 6 6 7 1 1 1 5 1 6 6 6 7 1 2 6 	Neg
10 1 1 1 1 1 1 1 6 1 1 1 1 10 1 1 13 1 13 1 	Neg
1 1 1 1 1 1 1 1 1 1 1 1 1 1 8 1 1 1 1 1 	Neg
2 1 2 1 1 6 1 2 6 1 1 8 6 1 6 1 	Neg
1 2 1 1 2 1 2 2 1 2 1 1 6 1 1 2 1 2 	Neg
1 1 10 1 1 1 1 1 1 10 4 1 1 1 1 12 1 5 1 1 1 1 4 10 1 1 2 	Neg
10 1 6 1 6 1 6 7 1 1 7 1 7 1 7 1 6 6 10 6 10 10 1 1 10 1 6 7 	Neg
7 1 1 1 7 1 7 1 1 1 1 3 1 1 1 1 1 1 1 1 1 	Neg
1 1 1 6 1 1 1 11 1 1 1 13 1 1 1 1 1 	Neg
1 8 8 8 8 6 1 2 12 6 6 2 6 8 1 8 2 2 1 1 2 12 	Neg
1 1 1 1 1 1 1 1 1 1 1 1 1 1 1 1 1 1 1 1 1 1 1 	Neg
1 1 1 1 1 1 1 1 1 1 10 1 1 2 1 1 3 1 1 1 1 1 1 	Neg
1 1 12 6 9 1 1 1 9 6 1 9 6 6 1 1 6 1 6 1 9 1 6 9 1 6 9 9 1 	Neg
12 10 12 1 12 10 8 1 6 1 4 10 1 	Neg
1 5 10 1 1 1 1 1 1 1 1 1 1 1 1 1 1 10 3 9 	Neg
7 1 1 1 1 2 4 7 7 6 6 1 2 6 2 6 7 1 6 7 7 1 7 7 1 1 1 1 1 6 1 	Neg
6 6 1 1 6 1 3 6 1 1 1 1 6 1 1 1 1 6 2 2 	Neg
1 1 6 1 1 1 1 1 1 1 1 1 1 1 	Neg
1 1 1 1 1 1 1 6 1 1 1 1 1 9 1 1 1 6 1 1 1 	Neg
1 1 1 6 6 1 1 6 1 1 13 10 7 1 6 1 1 6 1 	Neg
1 1 1 6 7 1 10 10 10 2 1 6 1 1 10 1 10 1 6 	Neg
6 1 1 10 10 11 1 10 1 11 10 1 1 10 1 11 7 1 11 1 	Neg
1 1 1 1 13 1 1 1 6 8 1 1 1 12 1 1 6 1 1 	Neg
1 6 6 6 9 6 6 6 8 1 1 1 9 6 6 1 8 1 	Neg
1 1 1 1 1 1 1 1 10 1 1 1 1 1 1 1 1 1 1 1 	Neg
1 1 1 1 10 13 1 13 1 1 13 1 13 1 1 1 1 1 1 10 1 1 10 1 13 	Neg
1 1 1 1 1 1 1 1 1 1 1 7 1 1 1 1 6 1 6 1 	Neg
9 11 1 9 10 10 9 1 1 13 1 10 9 10 6 9 9 1 1 	Neg
1 1 1 1 7 7 1 1 1 1 7 1 1 6 1 1 1 1 1 1 	Neg
1 1 4 1 1 1 1 6 1 1 1 1 1 1 	Neg
11 11 1 11 6 1 1 1 1 1 7 10 7 11 	Neg
3 1 3 1 6 1 6 2 1 1 1 1 1 1 3 1 1 8 1 	Neg
1 1 5 1 6 6 1 1 1 1 1 1 1 6 2 5 1 2 	Neg
1 1 1 1 1 1 6 7 1 1 1 1 1 1 1 10 1 8 7 1 6 8 6 	Neg
4 4 1 1 4 1 1 4 1 10 4 4 1 1 1 1 10 2 1 	Neg
1 1 1 1 8 1 1 1 1 6 6 2 6 1 1 6 6 	Neg
10 10 1 1 1 10 1 10 10 10 10 10 1 10 10 1 	Neg
1 1 1 10 10 1 12 1 1 1 10 1 1 1 10 1 12 1 12 12 1 1 	Neg
5 5 5 5 1 5 1 2 5 1 5 5 1 5 1 1 5 5 1 1 	Neg
2 1 12 12 6 2 6 1 2 1 1 6 12 3 6 1 1 1 7 10 	Neg
1 6 1 7 10 6 1 1 10 7 6 1 1 6 7 7 6 1 1 	Neg
1 6 10 2 10 1 3 6 10 13 1 10 10 1 6 8 13 1 1 1 6 3 13 3 1 2 3 	Neg
1 10 1 6 1 2 1 1 1 1 6 1 9 10 2 1 1 10 	Neg
1 1 1 1 1 1 1 1 1 1 1 10 1 2 1 3 1 1 1 1 	Neg
1 11 10 1 11 1 1 1 1 10 1 10 1 11 10 	Neg
1 1 11 1 3 1 1 11 11 1 1 1 1 1 1 10 1 1 1 1 1 	Neg
1 1 10 2 1 1 1 1 1 1 1 13 1 13 1 9 1 	Neg
1 1 1 1 1 1 1 13 1 1 1 1 1 1 	Neg
10 1 1 10 1 11 1 1 10 10 1 1 1 1 1 1 10 10 10 	Neg
1 1 6 12 6 10 1 1 1 1 12 12 10 	Neg
1 1 1 1 1 1 1 1 1 1 1 1 1 1 1 1 8 1 1 1 1 1 1 	Neg
